--------o,861727,481996,599891,352110,570588,156348,1098214,193016,0
-xo-----o,174,0,0,505,1519,1170,64,482,0
-xo-x-o-o,28,0,0,52,0,100,0,28,0
---o-----,754992,448464,812471,0,1078918,249652,730298,583750,623457
x--o-o---,0,3454,2999,0,5686,0,2646,1250,2937
xo-o-o--x,0,0,28,0,15,0,126,152,0
---o--x-o,995,1617,4876,0,5078,612,0,1162,0
---o-oxxo,0,26,187,0,255,0,0,0,0
o--oxoxxo,0,36,51,0,0,0,0,0,0
--o------,372104,278386,0,366383,731093,144910,270743,496242,574383
--o-x--o-,3204,631,0,2709,0,3181,885,0,3520
--o-x-oox,25,72,0,222,0,174,0,0,0
o--------,0,225784,549042,212374,809536,428538,597449,412446,390026
o---xo---,0,1642,1064,421,0,0,2522,5065,754
oo-xxo---,0,0,44,0,0,0,84,0,0
oo-xxoxo-,0,0,48,0,0,0,0,0,0
--o-x---o,110,1675,0,1508,0,1463,188,1139,0
--o-xxo-o,17,106,0,24,0,0,0,317,0
--o--x--o,1539,800,0,1358,1602,0,2151,506,0
-xo--xo-o,0,0,0,52,179,0,0,107,0
-xoo-xoxo,0,0,0,0,29,0,0,0,0
--o--o-x-,632,960,0,353,2765,0,2177,0,5670
o-o--o-xx,0,235,0,45,187,0,14,0,0
-o-------,803055,0,784478,502787,808244,533526,795234,228968,1105755
-o--x--o-,4790,0,6034,5059,0,4778,5615,0,4780
-ox-x-oo-,98,0,0,97,0,244,0,0,251
-oxox-oox,36,0,0,0,0,34,0,0,0
------o--,501905,474352,368767,191985,762649,375788,0,189226,808893
------oxo,205,2736,795,817,1096,540,0,0,0
o----xoxo,0,41,0,72,170,0,0,0,0
o-o-xxoxo,0,44,0,36,0,0,0,0,0
-o-o---x-,412,0,1723,0,2850,516,2859,0,1891
-o-o--oxx,16,0,18,0,50,25,0,0,0
-o-ooxoxx,0,0,35,0,0,0,0,0,0
-oo---x--,3358,0,0,1307,528,203,0,2740,1105
-oo--ox-x,173,0,0,190,254,0,0,15,0
-oooxox-x,32,0,0,0,0,0,0,41,0
--ox---o-,3276,645,0,0,3606,825,1998,0,1709
-ooxx--o-,315,0,0,0,0,18,137,0,271
----o----,185392,111310,282920,150860,0,228592,236741,183994,214806
--oxo----,644,12,0,0,0,385,938,508,396
-xoxo--o-,118,0,0,0,0,0,83,0,0
-xoxooxo-,33,0,0,0,0,0,0,0,0
-o---o-x-,1856,0,692,578,2093,0,2324,0,2802
-o-xoo-x-,50,0,0,0,0,0,326,0,81
xo-xoo-xo,0,0,0,0,0,0,35,0,0
x--o---o-,0,1411,5183,0,4523,2107,885,0,3615
x-oo--xo-,0,0,0,0,82,0,0,0,105
x-ooxoxo-,0,0,0,0,0,0,0,0,44
--o---o-x,2465,663,0,1633,3365,1153,0,1352,0
o-o-x-o-x,0,22,0,47,0,14,0,40,0
oxo-xoo-x,0,0,0,0,0,0,0,39,0
xoo------,0,0,0,3708,3998,2360,3237,2216,3223
xoo---o-x,0,0,0,194,18,105,0,182,0
xoox--oox,0,0,0,0,52,0,0,0,0
-------o-,1077969,200272,924445,532938,1005393,667981,1247099,0,963285
-x----oo-,1535,0,1293,0,698,370,0,0,1228
xx--o-oo-,0,0,18,0,0,45,0,0,42
xx--oooox,0,0,36,0,0,0,0,0,0
--o---x-o,558,16,0,1693,407,1070,0,155,0
-oo--xx-o,103,0,0,219,52,0,0,0,0
-ooxoxx-o,39,0,0,0,0,0,0,0,0
x---o-o--,0,1102,1594,125,0,707,0,80,308
x-x-o-oo-,0,23,0,66,0,30,0,0,172
--x---o-o,741,1242,0,100,423,0,0,1781,0
x-x-o-o-o,0,16,0,49,0,17,0,25,0
-x----o-o,1022,0,1477,258,2020,510,0,1962,0
xx-o--o-o,0,0,17,0,192,82,0,247,0
xx-o-ooxo,0,0,43,0,38,0,0,0,0
---o-ox--,1829,937,2155,0,5139,0,0,3652,2803
-o-o-ox-x,96,0,150,0,365,0,0,25,0
oo-oxox-x,0,0,31,0,0,0,0,29,0
x--o--o--,0,6315,4680,0,4147,1980,0,1201,6704
x--oo-o-x,0,0,193,0,0,159,0,0,0
xo-ooxo-x,0,0,46,0,0,0,0,0,0
xo----o--,0,0,1541,286,3656,1357,0,148,3666
xox-o-o--,0,0,0,0,0,38,0,0,28
xoxoo-o-x,0,0,0,0,0,43,0,0,0
o-xo-----,0,929,0,0,2066,2579,5661,1565,2043
o-xo---ox,0,106,0,0,136,20,94,0,0
o-xoo-xox,0,0,0,0,0,33,0,0,0
-----o---,1049831,577271,650746,369678,918336,0,1107184,655317,537948
o-x--o---,0,1626,0,292,1729,0,4088,1408,1006
o-x--oxo-,0,192,0,167,18,0,0,0,197
--xo--o--,3998,1379,0,0,1106,1052,0,1379,3344
x-xo--oo-,0,26,0,0,57,78,0,0,517
x-xoo-oox,0,39,0,0,0,47,0,0,0
-o-ox----,5809,0,6142,0,0,3119,3613,827,5670
oo-ox-x--,0,0,21,0,0,107,0,239,127
--o---ox-,1265,1047,0,395,3360,683,0,0,587
-xo---oxo,22,0,0,10,14,58,0,0,0
--o----xo,40,342,0,558,1597,829,188,0,0
--oo-x-xo,0,150,0,0,99,0,0,0,0
--ooxxoxo,0,48,0,0,0,0,0,0,0
o--x---o-,0,170,1209,0,3254,2049,1515,0,824
oo-x-x-o-,0,0,299,0,29,0,95,0,107
-o-xx--oo,171,0,256,0,0,21,326,0,0
-o-xxoxoo,44,0,32,0,0,0,0,0,0
---o-oxox,237,0,200,0,298,0,0,0,0
--ooxoxox,41,0,0,0,0,0,0,0,0
x-----o-o,0,1784,1607,39,410,228,0,1236,0
x--o--oxo,0,288,114,0,173,0,0,0,0
x--oxooxo,0,39,0,0,0,0,0,0,0
-x---o--o,1736,0,6459,296,4365,0,1091,2308,0
-x--oox-o,196,0,53,36,0,0,0,0,0
xx--ooxoo,0,0,45,35,0,0,0,0,0
o-----o-x,0,37,350,1016,351,2725,0,38,0
o---x-oox,0,0,20,149,0,135,0,0,0
oo--xxoox,0,0,44,34,0,0,0,0,0
---x---oo,2267,188,1242,0,2772,839,4162,0,0
x--xo--oo,0,250,150,0,0,24,23,0,0
xxoxo--oo,0,0,0,0,0,0,47,0,0
o--x-oxo-,0,0,131,0,105,0,0,0,0
----oo--x,521,0,122,666,0,0,1253,655,0
x---oo-ox,0,6,34,132,0,0,85,0,0
x-oxoo-ox,0,0,0,0,0,0,49,0,0
--x-o--o-,2050,2294,0,1276,0,2242,618,0,2068
--xoox-o-,242,235,0,0,0,0,77,0,28
o-----x-o,0,1109,2303,859,4364,262,0,463,0
o--ox-x-o,0,402,20,0,0,172,0,287,0
ox-ox-xoo,0,0,49,0,0,0,0,0,0
xo-o-----,0,0,3212,0,3169,2144,3010,658,6176
xo-o-xo--,0,0,178,0,175,0,0,0,378
xoxooxo--,0,0,0,0,0,0,0,0,43
o-o-x--xo,0,18,0,148,0,93,35,0,0
o-ooxx-xo,0,33,0,0,0,0,0,0,0
---xo---o,1844,504,466,0,0,196,561,0,0
x-oxo---o,0,95,0,0,0,43,17,26,0
xooxo--xo,0,0,0,0,0,0,38,0,0
o--o----x,0,455,1241,0,658,1007,3594,1169,0
oo-o---xx,0,0,178,0,29,113,20,0,0
oo-oox-xx,0,0,40,0,0,0,43,0,0
--ox-x-oo,131,15,0,0,22,0,55,0,0
-o-o--x--,1665,0,6582,0,4665,1511,0,2012,4497
-ooo--x-x,200,0,0,0,146,47,0,24,0
xoooo-x-x,0,0,0,0,0,0,0,39,0
---x--oo-,598,115,519,0,3035,1295,0,0,903
--ox-xoo-,146,16,0,0,22,0,0,0,64
o-ox-xoox,0,0,0,0,40,0,0,0,0
o----o--x,0,154,1208,152,1120,0,1549,2769,0
ox-o-o--x,0,0,0,0,122,0,8,78,0
oxoo-o-xx,0,0,0,0,33,0,32,0,0
-o----xo-,4135,0,3525,2049,5135,630,0,0,2150
-oox--xo-,23,0,0,0,102,42,0,0,23
-o---x-o-,1489,0,4090,2820,7371,0,1004,0,3910
-oo-xx-o-,144,0,0,22,0,0,58,0,121
ooxo-ox-x,0,0,0,0,39,0,0,37,0
---o-x-o-,1523,650,4060,0,3041,0,664,0,2497
-o-o-x-ox,153,0,27,0,406,0,54,0,0
-o-oxxoox,39,0,54,0,0,0,0,0,0
-x--o--o-,1447,0,2036,377,0,420,394,0,359
-xx-o--oo,29,0,0,89,0,39,147,0,0
-xxoox-oo,37,0,0,0,0,0,0,0,0
--o--x-o-,853,98,0,1459,1218,0,703,0,819
-oo--xxo-,51,0,0,120,78,0,0,0,0
-oo-xxxoo,0,0,0,41,0,0,0,0,0
--o--ox--,2354,145,0,1147,1976,0,0,2220,3016
-oo-xox--,111,0,0,20,0,0,0,0,96
-oo-xoxox,40,0,0,0,0,0,0,0,0
--o---xo-,2353,32,0,2551,1055,515,0,0,666
x-o--oxo-,0,44,0,24,122,0,0,0,171
xoo--oxox,0,0,0,31,37,0,0,0,0
x---o---o,0,2619,910,1501,0,417,2349,328,0
xx--o-o-o,0,0,22,72,0,79,0,127,0
o-ox-x-o-,0,121,0,0,19,0,0,0,16
oxox-xoo-,0,0,0,0,38,0,0,0,0
-ox---o--,997,0,0,1342,1930,3173,0,492,2323
ooxx--o--,0,0,0,0,81,428,0,0,73
ooxx-xoo-,0,0,0,0,48,0,0,0,41
--o-o---x,210,68,0,333,0,170,1131,656,0
-oo-o-x-x,71,0,0,85,0,26,0,17,0
-x-o-o---,3666,0,5498,0,6716,0,744,2119,1201
-xxo-o--o,26,0,0,0,491,0,177,253,0
-----o-xo,603,2019,3176,30,1374,0,808,0,0
---x-ooxo,0,34,0,0,111,0,0,0,0
ox-x-ooxo,0,0,0,0,37,0,0,0,0
-x-o--o--,4437,0,1826,0,4466,1104,0,1799,1692
xx-o-oo--,0,0,17,0,517,0,0,224,136
xx-oxooo-,0,0,47,0,0,0,0,0,34
x--o-oxo-,0,39,88,0,333,0,0,0,116
x-oo-oxox,0,0,0,0,48,0,0,0,0
o--oxox--,0,383,20,0,0,0,0,343,273
o----x-o-,0,323,3766,3088,5276,0,712,0,2363
o---xxoo-,0,62,187,28,0,0,0,0,183
-o-----xo,67,0,533,612,270,22,583,0,0
-oxo---xo,0,0,0,0,195,0,159,0,0
ooxox--xo,0,0,0,0,0,0,44,0,0
x-x-o--oo,0,22,0,42,0,20,125,0,0
x-xxoo-oo,0,37,0,0,0,0,44,0,0
oo----x--,0,0,5906,931,3300,1384,0,2326,2811
oo---oxx-,0,0,299,48,103,0,0,0,18
oox--oxxo,0,0,0,0,46,0,0,0,0
-x--o-o--,1019,0,1361,372,0,908,0,214,610
-xx-o-o-o,17,0,0,69,0,77,0,179,0
-xxoo-oxo,33,0,0,0,0,0,0,0,0
-o--xo---,4484,0,3812,1824,0,0,4124,2185,4905
oo--xo--x,0,0,142,0,0,0,235,6,0
oo--xoxox,0,0,49,0,0,0,0,0,0
oo---ox-x,0,0,303,27,153,0,0,15,0
o-o--x---,0,710,0,882,2510,0,119,362,2
o-ox-x--o,0,112,0,0,25,0,64,5,0
o-ox-xoxo,0,0,0,0,34,0,0,0,0
----x-oo-,5080,438,1072,1735,0,3021,0,0,3593
-o--x-oox,17,0,275,175,0,510,0,0,0
----o-x-o,1156,669,237,1082,0,145,0,57,0
x-o-o-x-o,0,82,0,16,0,89,0,58,0
xoo-oxx-o,0,0,0,35,0,0,0,0,0
--oo---x-,1983,2334,0,0,3882,410,921,0,3866
x-oo--ox-,0,145,0,0,288,0,0,0,91
xooo--oxx,0,0,0,0,47,0,0,0,0
xx-oo---o,0,0,25,0,0,236,5,47,0
o--o---x-,0,613,1310,0,5266,673,5890,0,969
oxoo---x-,0,0,0,0,15,43,317,0,127
oxooo--xx,0,0,0,0,0,0,40,0,0
--ox--o--,692,409,0,0,2747,842,0,238,463
x-ox--oo-,0,0,0,0,226,16,0,0,79
x-oxxooo-,0,0,0,0,0,0,0,0,43
x----o--o,0,1811,4041,1892,1594,0,4472,712,0
xx-o-o--o,0,0,17,0,113,0,66,41,0
xx-oxo-oo,0,0,36,0,0,0,0,0,0
o---x--o-,0,909,4909,2640,0,6320,2466,0,1593
o--ox--ox,0,0,108,0,0,31,189,0,0
ooxox--ox,0,0,0,0,0,48,41,0,0
-o----x-o,3105,0,1861,5233,2976,468,0,834,0
-o--o-xxo,65,0,0,18,0,0,0,0,0
xo--ooxxo,0,0,0,43,0,0,0,0,0
o--o--x--,0,2199,6437,0,4988,1760,0,3436,3712
o-oo--xx-,0,184,0,0,199,13,0,0,26
o-ooxoxx-,0,39,0,0,0,0,0,0,43
-o---o--x,2204,0,2094,1019,4674,0,4810,2680,0
-o--oo-xx,31,0,45,62,0,0,18,0,0
-oo-----x,3206,0,0,1857,3759,608,1901,2296,0
-oo-xo--x,17,0,0,156,0,0,205,114,0
-ooxxoo-x,35,0,0,0,0,0,0,0,0
-x--o-oxo,110,0,38,0,0,0,0,0,0
xx-oo-oxo,0,0,40,0,0,0,0,0,0
-oo--oxx-,152,0,0,100,31,0,0,0,27
-oooxoxx-,0,0,0,0,0,0,0,0,36
ox---xoo-,0,0,23,27,89,0,0,0,34
oxo-xxoo-,0,0,0,41,0,0,0,0,0
-o-xx-oo-,233,0,17,0,0,20,0,0,354
xo-xxooo-,0,0,0,0,0,0,0,0,39
xoo-x---o,0,0,0,135,0,61,101,0,0
xoo-xx-oo,0,0,0,40,0,0,0,0,0
-x-o----o,2125,0,3112,0,3369,116,1061,2724,0
xx-oxoo-o,0,0,50,0,0,0,0,40,0
-ooox-x--,190,0,0,0,0,0,0,69,111
-ooox-xox,42,0,0,0,0,0,0,0,0
-xo---o--,864,0,0,345,4170,481,0,497,466
oxo---ox-,0,0,0,44,15,39,0,0,67
oxox--oxo,0,0,0,0,27,0,0,0,0
--xoo----,881,1057,0,0,0,2063,677,457,1473
--xooxo--,219,137,0,0,0,0,0,64,25
x-xooxoo-,0,37,0,0,0,0,0,0,29
-oo--o-xx,317,0,0,24,147,0,23,0,0
-oo-xooxx,35,0,0,0,0,0,0,0,0
----ox-o-,541,961,3956,113,0,0,180,0,496
x----oo--,0,3310,2979,539,3996,0,0,1344,1032
x-x-ooo--,0,22,0,150,0,0,0,54,41
x-x-oooxo,0,46,0,0,0,0,0,0,0
o---x---o,0,4892,3889,3326,0,2444,3387,3815,0
o-x-xo--o,0,222,0,143,0,0,17,209,0
o-x-xooxo,0,28,0,0,0,0,0,0,0
oo-o-x-x-,0,0,56,0,0,0,0,0,198
oo-ooxxx-,0,0,0,0,0,0,0,0,36
o--x--xoo,0,0,53,0,248,148,0,0,0
o-oxx-xoo,0,0,0,0,0,42,0,0,0
---oo---x,262,192,1940,0,0,1168,1527,1170,0
o-xoo---x,0,15,0,0,0,21,113,198,0
xooo--xox,0,0,0,0,30,0,0,0,0
x--x-o-oo,0,160,387,0,7,0,22,0,0
xx-xoo-oo,0,0,43,0,0,0,44,0,0
-oox-----,4261,0,0,0,3848,1076,751,335,1319
xoox----o,0,0,0,0,176,216,19,97,0
x-----oo-,0,1012,2619,188,3140,1238,0,0,5442
xox---oo-,0,0,0,0,98,22,0,0,93
xoxo--oox,0,0,0,0,36,39,0,0,0
-o-ox--ox,22,0,505,0,0,262,184,0,0
-oxoxo-ox,35,0,0,0,0,0,39,0,0
---o--o-x,7423,681,3658,0,2598,1746,0,354,0
-x-o--oox,249,0,131,0,55,55,0,0,0
xx-o-ooox,0,0,40,0,44,0,0,0,0
-xoo---xo,59,0,0,0,24,118,22,0,0
ooxxx--oo,0,0,0,0,0,34,48,0,0
-oxo-----,4764,0,0,0,5020,2000,6997,893,3057
-oxo---ox,107,0,0,0,268,21,151,0,0
---ox---o,1396,3246,4992,0,0,573,3075,3154,0
--oox--xo,39,21,0,0,0,159,44,0,0
o---x-oxo,0,13,65,329,0,61,0,0,0
-xoo--ox-,118,0,0,0,19,21,0,0,126
oo-x--xo-,0,0,235,0,235,10,0,0,0
ooxx-oxo-,0,0,0,0,51,0,0,0,0
---oxo---,5796,6422,7902,0,0,0,6766,4697,4341
x--oxo-o-,0,293,294,0,0,0,319,0,18
xoxoxo-o-,0,0,0,0,0,0,31,0,40
--xo--oxo,275,264,0,0,23,0,0,0,0
x-xo-ooxo,0,54,0,0,0,0,0,0,0
-x-oxo--o,217,0,346,0,0,0,111,15,0
oxxoxo--o,0,0,0,0,0,0,35,43,0
-o-oxox--,172,0,22,0,0,0,0,318,319
-ox--o---,1523,0,0,921,2969,0,5231,1173,950
oox-xo---,0,0,0,101,0,0,29,46,111
x--ox-oo-,0,195,265,0,0,224,0,0,20
xxoox-oo-,0,0,0,0,0,0,0,0,40
--oox----,3574,3604,0,0,0,885,1621,5474,3460
-ooxxo---,96,0,0,0,0,0,47,0,127
xooxxoo--,0,0,0,0,0,0,0,0,38
-o--x-xoo,155,0,19,244,0,186,0,0,0
-o-oxxxoo,0,0,42,0,0,0,0,0,0
---ox-o--,4693,3945,1002,0,0,1464,0,2625,3265
x--oxoo--,0,343,305,0,0,0,0,258,17
-xo--oox-,40,0,0,19,16,0,0,0,145
oxo--ooxx,0,0,0,0,36,0,0,0,0
oo---o-xx,0,0,140,42,42,0,27,0,0
-x--ooox-,74,0,52,0,0,0,0,0,0
xx--oooxo,0,0,36,0,0,0,0,0,0
---o-xoox,236,62,17,0,156,0,0,0,0
xo-o-xoox,0,0,36,0,43,0,0,0,0
o--xx-o-o,0,145,41,0,0,19,0,269,0
ooxxx-o-o,0,0,0,0,0,38,0,0,0
--ox----o,1727,273,0,0,2062,2018,1533,561,0
xoox-xo-o,0,0,0,0,36,0,0,0,0
----oox--,1142,776,450,1146,0,0,0,1429,2417
---xooxo-,16,103,11,0,0,0,0,0,22
-o-x--xoo,22,0,138,0,391,124,0,0,0
-ox---xoo,170,0,0,340,22,47,0,0,0
o---oox-x,0,61,51,154,0,0,0,18,0
x---oxoo-,0,43,107,0,0,0,0,0,65
x--ooxoox,0,0,45,0,0,0,0,0,0
x--oo----,0,1249,1562,0,0,872,268,77,698
xx-oo-o--,0,0,19,0,0,112,0,14,108
-o--oxx-o,71,0,0,78,0,0,0,0,0
--xo-o---,5166,3217,0,0,5470,0,1535,1649,1186
--xo-oxo-,284,165,0,0,11,0,0,0,196
x-xo-oxoo,0,48,0,0,45,0,0,0,0
oox---x-o,0,0,0,102,23,77,0,217,0
ooxx-ox-o,0,0,0,0,44,0,0,0,0
--oo-x---,302,12,0,0,816,0,107,489,706
--ooox--x,0,0,0,0,0,0,99,76,0
o-oooxx-x,0,0,0,0,0,0,0,33,0
o--o-x-ox,0,20,14,0,22,0,60,0,0
o--ooxxox,0,0,39,0,0,0,0,0,0
--ox-xo-o,0,9,0,0,24,0,0,98,0
xo-o--o-x,0,0,246,0,23,307,0,140,0
o--x--o--,0,336,1228,0,2219,2371,0,826,1077
ooxxoxo--,0,0,0,0,0,0,0,0,52
-oo-x-x-o,0,0,0,114,0,104,0,0,0
xoo-x-xoo,0,0,0,30,0,0,0,0,0
-oox-x--o,217,0,0,0,18,0,146,31,0
--oxx--oo,72,81,0,0,0,24,159,0,0
-o--x-o--,4986,0,1296,2883,0,2831,0,360,4453
-oxox-o--,77,0,0,0,0,20,0,0,176
xoxox-oo-,0,0,0,0,0,0,0,0,34
ooxox----,0,0,0,0,0,222,22,126,235
--x--o--o,5011,3908,0,1856,2875,0,4976,1494,0
x-x-oo--o,0,25,0,122,0,0,166,8,0
x-x-ooxoo,0,35,0,41,0,0,0,0,0
xooo--x--,0,0,0,0,161,0,0,124,163
--o-o--x-,137,83,0,405,0,190,2393,0,967
--ooox-x-,0,0,0,0,0,0,98,0,137
o-ooox-xx,0,0,0,0,0,0,44,0,0
oo-----x-,0,0,1147,192,1008,590,1302,0,1549
oo-x--ox-,0,0,0,0,81,106,0,0,0
oo-x-xoxo,0,0,0,0,44,0,0,0,0
-x-o--oxo,366,0,250,0,16,58,0,0,0
--xx-o-oo,183,76,0,0,153,0,367,0,0
--xxooxoo,39,0,0,0,0,0,0,0,0
o-o-----x,0,441,0,182,358,158,676,940,0
o-o-xo--x,0,131,0,0,0,0,35,109,0
o-ooxo-xx,0,37,0,0,0,0,35,0,0
x-oo--o-x,0,157,0,0,17,314,0,305,0
xxoo--oox,0,0,0,0,44,0,0,0,0
x-x--ooo-,0,19,0,55,246,0,0,0,261
-----xoo-,1868,448,2004,1717,4116,0,0,0,4593
-o--xxoo-,79,0,221,23,0,0,0,0,363
---ox--o-,4038,1795,4088,0,0,1987,4125,0,5602
x-oox--o-,0,53,0,0,0,154,136,0,25
--o-x-oxo,43,24,0,163,0,271,0,0,0
---o-o-x-,1273,1131,1370,0,8967,0,4154,0,4370
---oxo-xo,56,20,201,0,0,0,215,0,0
o-x--o-ox,0,0,0,0,72,0,86,0,0
o-xo-oxox,0,0,0,0,30,0,0,0,0
-----o-ox,4112,411,1344,160,3152,0,1505,0,0
x----ooox,0,349,198,53,15,0,0,0,0
xooo---x-,0,0,0,0,109,0,83,0,316
xooo-oxx-,0,0,0,0,0,0,0,0,47
x-o--o---,0,1090,0,2378,1735,0,1922,831,2401
x-o--oo-x,0,128,0,172,20,0,0,68,0
xoox-oo-x,0,0,0,0,37,0,0,0,0
xx---oo-o,0,0,23,32,132,0,0,93,0
----xo--o,1552,2196,2332,523,0,0,2078,2426,0
--x-xo-oo,191,171,0,39,0,0,17,0,0
oxx-xo-oo,0,0,0,0,0,0,39,0,0
o-o----x-,0,1309,0,258,1849,445,1792,0,1116
o-oox--x-,0,19,0,0,0,25,290,0,208
xoxo-o---,0,0,0,0,544,0,286,0,96
xoxo-ox-o,0,0,0,0,41,0,0,0,0
-o-----ox,2069,0,2292,1425,8314,4428,1957,0,0
x-oo-xo--,0,0,0,0,92,0,0,0,142
x-ooxxoo-,0,0,0,0,0,0,0,0,42
----x-o-o,386,2435,132,2109,0,2186,0,2869,0
o---xxo-o,0,32,77,24,0,0,0,228,0
xo----xoo,0,0,278,29,183,56,0,0,0
xoo--xxoo,0,0,0,38,0,0,0,0,0
------oox,10129,1276,4192,1551,5556,3934,0,0,0
x-o----o-,0,641,0,3651,2592,1272,1862,0,3003
----o-o-x,365,828,2704,147,0,1757,0,237,0
-o-xo-o-x,0,0,108,0,0,8,0,0,0
oo-xoxo-x,0,0,32,0,0,0,0,0,0
o---o---x,0,943,3017,859,0,1590,2391,2550,0
o-o-o--xx,0,92,0,157,0,27,17,0,0
o-x----o-,0,716,0,1419,3086,3707,3576,0,2206
o-xo--xo-,0,178,0,0,22,171,0,0,246
----xo-o-,5137,629,4224,1989,0,0,6073,0,3816
--o-xo-ox,24,43,0,196,0,0,113,0,0
ox------o,0,0,1623,277,3037,421,610,1058,0
ox-o---xo,0,0,34,0,21,6,141,0,0
o--xx--oo,0,141,294,0,0,25,274,0,0
oxoxx--oo,0,0,0,0,0,47,0,0,0
xo---o---,0,0,3219,2724,5705,0,7499,905,1748
xox--o--o,0,0,0,166,155,0,436,0,0
xox-oox-o,0,0,0,34,0,0,0,0,0
-x--o---o,2079,0,1617,879,0,132,836,103,0
-x-oo----,1584,0,934,0,0,519,145,330,675
-xxoo-o--,19,0,0,0,0,190,0,17,42
-xxoo-oox,27,0,0,0,0,44,0,0,0
o--x----o,0,184,323,0,2912,1195,723,335,0
o--x-o-xo,0,18,0,0,9,0,0,0,0
o--xxooxo,0,43,0,0,0,0,0,0,0
o---o--x-,0,121,777,208,0,732,1110,0,2049
o--xoo-x-,0,0,0,0,0,0,125,0,93
oo-xooxx-,0,0,0,0,0,0,0,0,51
-o-ox-xo-,259,0,22,0,0,111,0,0,278
--ox--xoo,22,46,0,0,233,249,0,0,0
-ooxx-xoo,40,0,0,0,0,28,0,0,0
o---x-o--,0,2245,939,1755,0,2962,0,1636,480
o-x-x-o-o,0,130,0,23,0,35,0,39,0
---oxoxo-,261,165,24,0,0,0,0,0,154
x--oxoxoo,0,0,46,0,0,0,0,0,0
oox------,0,0,0,2352,5965,5389,5151,1470,2518
oox--o-x-,0,0,0,0,106,0,199,0,285
ooxoxo-x-,0,0,0,0,0,0,25,0,0
o------xo,0,930,240,298,3847,98,703,0,0
oxo----xo,0,0,0,16,20,103,8,0,0
o-ox--ox-,0,87,0,0,63,36,0,0,0
o-oxxoox-,0,30,0,0,0,0,0,0,0
o---oxxo-,0,0,36,0,0,0,0,0,82
-ox--xoo-,36,0,0,128,231,0,0,0,20
-o-x---o-,4503,0,785,0,4810,3120,4559,0,1043
xooxx--oo,0,0,0,0,0,38,34,0,0
-o-ox-o-x,25,0,174,0,0,176,0,72,0
-oxoxoo-x,40,0,0,0,0,0,0,0,0
--ox-o---,2098,154,0,0,723,0,1066,665,857
--oxoo--x,65,0,0,0,0,0,182,135,0
o-oxoo-xx,0,0,0,0,0,0,53,0,0
o-oo---xx,0,76,0,0,39,52,32,0,0
o-----ox-,0,1020,100,299,732,304,0,0,47
ox---oox-,0,0,23,103,18,0,0,0,39
o-x-oox--,0,0,0,0,0,0,0,51,132
oox-ooxx-,0,0,0,0,0,0,0,0,36
-----oxo-,8270,1029,3512,3968,5999,0,0,0,2708
--x--oxoo,497,238,0,421,17,0,0,0,0
xox--oxoo,0,0,0,54,33,0,0,0,0
--oo----x,4397,710,0,0,3318,701,1320,5147,0
x-oo---ox,0,105,0,0,14,113,97,0,0
xooo-x-ox,0,0,0,0,41,0,0,0,0
o-x---o--,0,259,0,797,402,903,0,202,643
o-x--xoo-,0,80,0,220,108,0,0,0,21
---oox---,516,481,2046,0,0,0,548,671,1420
-o-oox--x,65,0,25,0,0,0,131,219,0
oo-ox-xxo,0,0,29,0,0,0,0,0,0
-o---ox--,5935,0,3861,3045,5845,0,0,4250,4070
oo--xox--,0,0,13,156,0,0,0,155,211
-o--o---x,235,0,2547,550,0,1772,2397,1871,0
xo--oo--x,0,0,0,28,0,0,30,37,0
xoo-oo-xx,0,0,0,0,0,0,34,0,0
--x-o---o,1245,1930,0,484,0,33,742,59,0
--xxoo--o,160,114,0,0,0,0,189,0,0
-xxxoo-oo,47,0,0,0,0,0,0,0,0
-o----o-x,5635,0,4518,478,4893,5341,0,273,0
-o-o-xo-x,238,0,20,0,186,0,0,8,0
-ox-xo--o,191,0,0,97,0,0,21,70,0
x-ox-o-o-,0,0,0,0,291,0,20,0,294
xxoxoo-o-,0,0,0,0,0,0,42,0,0
o-o-xooxx,0,32,0,0,0,0,0,0,0
----o-xo-,1246,1267,1074,1330,0,173,0,0,75
--o-o-xox,19,0,0,38,0,0,0,0,0
--oxooxox,31,0,0,0,0,0,0,0,0
o-x--o-xo,0,57,0,0,231,0,229,0,0
oxxo-o-xo,0,0,0,0,39,0,0,0,0
x---o-oxo,0,108,91,0,0,0,0,0,0
xo-o-o-x-,0,0,0,0,152,0,80,0,136
xooo-o-xx,0,0,0,0,40,0,40,0,0
-oxo--ox-,0,0,0,0,0,58,0,0,50
-oxoo-oxx,0,0,0,0,0,39,0,0,0
oo---x-ox,0,0,22,170,272,0,15,0,0
-ox----o-,741,0,0,434,6506,3652,3426,0,2732
oo-x-x--o,0,0,254,0,14,0,122,100,0
oo-x-xxoo,0,0,0,0,43,0,0,0,0
oox---xo-,0,0,0,188,23,113,0,0,303
--oo-o-xx,248,310,0,0,400,0,20,0,0
--oo-oxx-,63,119,0,0,162,0,0,0,24
-o-o----x,3093,0,3695,0,4584,5622,3777,2764,0
ooxo----x,0,0,0,0,154,15,238,252,0
ooxoo--xx,0,0,0,0,0,50,31,0,0
--x----oo,2470,2006,0,1903,3574,758,6825,0,0
x-x--o-oo,0,25,0,87,214,0,316,0,0
o--oxo-x-,0,23,149,0,0,0,554,0,215
o---xo-ox,0,0,45,0,0,0,103,0,0
o-xoxo-ox,0,0,0,0,0,0,47,0,0
----oo-x-,414,20,214,565,0,0,1458,0,1048
o---oo-xx,0,48,32,215,0,0,23,0,0
-o-oo-x-x,35,0,132,0,0,95,0,21,0
--x-o-o--,2603,1339,0,429,0,2065,0,710,1752
-xx-o-oo-,12,0,0,42,0,106,0,0,206
-xoxo---o,19,0,0,0,0,0,20,0,0
-xxo-oo--,21,0,0,0,129,0,0,74,54
--xox--oo,203,127,0,0,0,164,20,0,0
oxxox--oo,0,0,0,0,0,0,40,0,0
-----xo-o,60,570,225,546,2850,0,0,625,0
x--xooo--,0,55,79,0,0,0,0,0,0
xx-xooo-o,0,0,42,0,0,0,0,0,0
--xxo--oo,65,90,0,0,0,0,65,0,0
oo-xoox-x,0,0,0,0,0,0,0,51,0
xo--x-oo-,0,0,48,173,0,500,0,0,22
--xoxo-o-,310,222,0,0,0,0,8,0,265
oxxoxo-o-,0,0,0,0,0,0,32,0,0
oo------x,0,0,5101,328,1015,2382,3782,1294,0
oo-o--x-x,0,0,390,0,149,111,0,27,0
ooxo--xox,0,0,0,0,32,41,0,0,0
-o-o-xxo-,0,0,202,0,93,0,0,0,29
ooxo-xxo-,0,0,0,0,46,0,0,0,39
-----x-oo,376,31,939,1189,566,0,1702,0,0
--o-xx-oo,36,68,0,16,0,0,82,0,0
oxo-xx-oo,0,0,0,35,0,0,0,0,0
--x-oo-xo,121,13,0,0,0,0,0,0,0
-xx-oooxo,40,0,0,0,0,0,0,0,0
-ooxoox-x,47,0,0,0,0,0,0,36,0
-o-xo----,1376,0,201,0,0,155,2185,762,357
xooxo----,0,0,0,0,0,13,27,215,50
ooxx---o-,0,0,0,0,253,227,259,0,32
--x---oo-,5519,1478,0,652,1410,2183,0,0,4392
o-xxoxoo-,0,0,0,0,0,0,0,0,34
-xoo-----,1391,0,0,0,3144,4,1021,3259,1400
oxoo-x-xo,0,0,0,0,40,0,0,0,0
-o-x----o,2370,0,2070,0,3398,1583,3993,502,0
oo-xx---o,0,0,301,0,0,17,148,154,0
---o---ox,5037,809,4085,0,4347,4057,2619,0,0
--oox--ox,16,169,0,0,0,152,141,0,0
-oooxx-ox,51,0,0,0,0,0,0,0,0
oo-ox---x,0,0,225,0,0,70,118,5,0
oo-oxx-ox,0,0,51,0,0,0,0,0,0
---oxox-o,114,198,19,0,0,0,0,300,0
-x-oxoxoo,0,0,38,0,0,0,0,0,0
-ooo---xx,302,0,0,0,160,46,23,0,0
-ooox-oxx,39,0,0,0,0,0,0,0,0
--o--xoox,79,0,0,146,210,0,0,0,0
-oox-xoox,0,0,0,0,37,0,0,0,0
xo---o-ox,0,0,67,127,23,0,105,0,0
---oo--x-,167,337,941,0,0,536,501,0,1101
--ooo-xx-,14,59,0,0,0,107,0,0,19
oxooo-xx-,0,0,0,0,0,0,0,0,43
xo---oo-x,0,0,110,87,24,0,0,46,0
xoxo-oo-x,0,0,0,0,36,0,0,0,0
--xo---o-,4821,4661,0,0,5023,2364,3789,0,3834
--xo--xoo,177,336,0,0,15,151,0,0,0
ox---o---,0,0,1212,133,3136,0,649,1228,503
oxo--o--x,0,0,0,0,155,0,73,137,0
---x-o-o-,5649,705,3246,0,735,0,3206,0,1907
--ox-o-ox,348,0,0,0,116,0,176,0,0
oo-xx--o-,0,0,347,0,0,28,251,0,93
-o--o-oxx,0,0,174,0,0,46,0,0,0
oo--oxoxx,0,0,35,0,0,0,0,0,0
xo-----o-,0,0,2717,4495,4440,935,4522,0,2853
xoo-x--o-,0,0,0,371,0,255,228,0,23
xoooxx-o-,0,0,0,0,0,0,0,0,47
--xo-o-ox,96,81,0,0,288,0,79,0,0
-oxo-oxox,0,0,0,0,44,0,0,0,0
ox-o-ox--,0,0,61,0,203,0,0,165,19
ox-oxox-o,0,0,36,0,0,0,0,36,0
oxxo----o,0,0,0,0,249,0,136,113,0
o-x-o-o-x,0,90,0,163,0,15,0,46,0
o-xxo-oox,0,0,0,0,0,30,0,0,0
o----xo--,0,275,1702,1904,1708,0,0,497,1841
oo---xox-,0,0,19,18,55,0,0,0,20
x-o---o--,0,427,0,724,2549,1618,0,689,2890
---xoo---,3148,721,1031,0,0,0,2582,648,933
x--xoo--o,0,174,182,0,0,0,25,11,0
xoxxoo--o,0,0,0,0,0,0,45,0,0
-o-o-x---,706,0,2896,0,2446,0,1223,362,3319
xo-oox---,0,0,32,0,0,0,0,0,101
-x-o-oox-,129,0,56,0,17,0,0,0,52
xoo--o--x,0,0,0,108,18,0,344,154,0
xo-o-x-o-,0,0,35,0,193,0,0,0,190
---o--ox-,2295,1502,500,0,2337,167,0,0,569
---oxoox-,418,12,97,0,0,0,0,0,214
--ooxooxx,40,54,0,0,0,0,0,0,0
---o---xo,1135,2870,1905,0,2121,327,1203,0,0
-o-oxoxxo,0,0,56,0,0,0,0,0,0
o-x-o----,0,185,0,510,0,2853,856,408,3762
o-x-oxo--,0,55,0,81,0,0,0,116,11
-x-o---o-,1498,0,2374,0,1922,296,1155,0,1008
xoo--ooxx,0,0,0,0,38,0,0,0,0
xoo--ox--,0,0,0,20,292,0,0,110,382
xoo-xoxo-,0,0,0,36,0,0,0,0,36
x--oox-o-,0,67,170,0,0,0,0,0,1
o-oxx--o-,0,224,0,0,0,19,39,0,56
x-o-----o,0,124,0,1226,390,1162,506,1,0
x-o--x-oo,0,0,0,181,132,0,196,0,0
x-o-oxxoo,0,0,0,46,0,0,0,0,0
----xoo--,3300,4566,1149,657,0,0,0,3930,2949
-ox-xoo--,85,0,0,0,0,0,0,0,222
-ox-xooox,47,0,0,0,0,0,0,0,0
--o-x-o--,3674,2099,0,5010,0,2022,0,4672,3573
o-oxx-oox,0,0,0,0,0,51,0,0,0
x-xoox-oo,0,43,0,0,0,0,0,0,0
-ooox---x,17,0,0,0,0,226,93,97,0
xooox-ox-,0,0,0,0,0,0,0,0,35
x--oo--ox,0,49,91,0,0,73,0,0,0
xx-oo-oox,0,0,41,0,0,0,0,0,0
o---xo-xo,0,15,301,37,0,0,203,0,0
-----oo-x,2039,1302,853,748,2302,0,0,1086,0
----xooox,27,59,88,192,0,0,0,0,0
ox-ox---o,0,0,208,0,0,119,193,17,0
x---oo---,0,1805,1286,1266,0,0,1743,469,250
x-oxoo---,0,36,0,0,0,0,16,18,177
-x---oo--,3287,0,1692,524,5798,0,0,1516,1380
xo-x--oo-,0,0,0,0,118,88,0,0,116
xo-x-ooox,0,0,0,0,39,0,0,0,0
-o-o-o-xx,215,0,34,0,209,0,19,0,0
oox-x--o-,0,0,0,222,0,360,22,0,311
oox-xxoo-,0,0,0,50,0,0,0,0,34
-ox-----o,1079,0,0,2160,2993,264,3960,666,0
xoxo----o,0,0,0,0,98,0,84,0,0
o--o-oxx-,0,273,211,0,395,0,0,0,17
o-xo-oxxo,0,0,0,0,43,0,0,0,0
-oxo-x--o,0,0,0,0,92,0,74,0,0
ooxoxx--o,0,0,0,0,0,0,38,0,0
-oox---ox,115,0,0,0,164,47,90,0,0
--o--xxoo,66,0,0,363,106,0,0,0,0
xx-o-o-o-,0,0,17,0,196,0,18,0,68
o-ox-xo--,0,75,0,0,11,0,0,42,56
xo--oox--,0,0,46,23,0,0,0,135,119
-x--oxoo-,83,0,197,0,0,0,0,0,94
oxx-oxoo-,0,0,0,0,0,0,0,0,39
-oo-x-xo-,160,0,0,127,0,28,0,0,100
----ooxox,52,0,0,0,0,0,0,0,0
x-o-ooxox,0,0,0,36,0,0,0,0,0
-o-x--o--,687,0,1075,0,2199,1967,0,128,732
oo-xx-o--,0,0,157,0,0,15,0,53,72
oo-xx-oxo,0,0,0,0,0,47,0,0,0
o----x--o,0,1012,67,1254,3064,0,283,314,0
o--x-xo-o,0,22,24,0,18,0,0,98,0
oo--x----,0,0,5192,2928,0,3940,2000,1285,916
oo--xx-o-,0,0,629,18,0,0,156,0,184
-----ox-o,5384,2222,4023,2928,2292,0,0,1867,0
o-x--ox-o,0,82,0,169,23,0,0,186,0
---ox-xoo,174,179,22,0,0,125,0,0,0
-oxo--o-x,356,0,0,0,169,17,0,31,0
xoo---ox-,0,0,0,0,162,0,0,0,46
oox-x---o,0,0,0,298,0,202,21,145,0
-oox---xo,48,0,0,0,62,46,65,0,0
-ooxo-xxo,47,0,0,0,0,0,0,0,0
o----ox--,0,1193,5276,766,3909,0,0,4839,2134
o---xox-o,0,57,14,127,0,0,0,206,0
o--xxoxoo,0,0,32,0,0,0,0,0,0
o--o-ox-x,0,5,50,0,123,0,0,16,0
-o-oo-xx-,111,0,90,0,0,6,0,0,12
-ooooxxx-,0,0,0,0,0,0,0,0,32
oo--xxoxo,0,0,0,39,0,0,0,0,0
o--ox----,0,789,1764,0,0,401,3724,3951,1995
xo---ox-o,0,0,273,19,125,0,0,34,0
-o--oox-x,133,0,64,367,0,0,0,16,0
o------ox,0,201,1980,215,837,2229,1504,0,0
o-ox-----,0,1240,0,0,1318,381,197,195,428
o-ox--xo-,0,0,0,0,19,75,0,0,0
o-ox-xxoo,0,0,0,0,35,0,0,0,0
oxx--o-o-,0,0,0,0,110,0,120,0,0
--x-ooxo-,135,26,0,0,0,0,0,0,0
-xx-ooxoo,39,0,0,0,0,0,0,0,0
ooxxx-oo-,0,0,0,0,0,43,0,0,0
----o-ox-,123,210,707,0,0,0,0,0,265
-ox-o-ox-,0,0,0,0,0,282,0,0,86
--o--oxox,200,0,0,42,84,0,0,0,0
--o-xo---,3203,2448,0,1320,0,0,1227,2682,3626
--ooxo--x,26,240,0,0,0,0,205,299,0
----o--ox,286,160,1368,151,0,826,52,0,0
----oxoox,67,116,24,63,0,0,0,0,0
oxxoo----,0,0,0,0,0,55,0,0,57
oxxoo--ox,0,0,0,0,0,47,0,0,0
-o---xo--,1395,0,2611,2256,3333,0,0,339,3039
xo--oxo--,0,0,82,0,0,0,0,0,90
--oo-ox-x,127,33,0,0,158,0,0,22,0
-ox-oxo--,47,0,0,72,0,0,0,132,24
-xox---oo,75,0,0,0,63,42,29,0,0
-xoxo-xoo,36,0,0,0,0,0,0,0,0
oo-ooxx-x,0,0,42,0,0,0,0,28,0
-oo-o--xx,55,0,0,14,0,21,29,0,0
--oo-x-ox,127,0,0,0,134,0,0,0,0
-oxx--oo-,0,0,0,0,60,135,0,0,20
-x-oox-o-,199,0,162,0,0,0,0,0,46
-xxooxoo-,42,0,0,0,0,0,0,0,33
o-o-xo-x-,0,19,0,34,0,0,199,0,188
oox--xo--,0,0,0,307,235,0,0,62,20
oox-xxo-o,0,0,0,43,0,0,0,0,0
--x--ooox,230,75,0,0,121,0,0,0,0
-x---oxoo,256,0,175,62,104,0,0,0,0
-xxo-oxoo,28,0,0,0,48,0,0,0,0
oox--x-o-,0,0,0,202,510,0,188,0,18
ooxoxx-o-,0,0,0,0,0,0,46,0,36
xo------o,0,0,1508,2510,1170,828,4055,246,0
xo-x--o-o,0,0,0,0,0,18,0,0,0
xooxx-o-o,0,0,0,0,0,40,0,0,0
--xo----o,2391,4364,0,0,3832,489,4278,1073,0
--o--xo--,1004,655,0,685,2675,0,0,906,692
--ooxxoox,38,0,0,0,0,0,0,0,0
o-oxx---o,0,179,0,0,0,20,29,47,0
x-ooxo---,0,121,0,0,0,0,146,241,21
---xoox-o,18,89,99,0,0,0,0,13,0
-xxo-ooxo,45,0,0,0,45,0,0,0,0
-xoo-xo--,0,0,0,0,25,0,0,17,0
-xooxxo-o,0,0,0,0,0,0,0,38,0
-o--ox---,212,0,1559,310,0,0,423,1084,1065
oo--ox-x-,0,0,167,0,0,0,26,0,199
ooxoox-x-,0,0,0,0,0,0,0,0,41
ooxxo----,0,0,0,0,0,213,0,0,68
ooxxo-o-x,0,0,0,0,0,42,0,0,0
-o-x-o-ox,257,0,0,0,130,0,60,0,0
-ooxxo-ox,48,0,0,0,0,0,0,0,0
x----o-o-,0,1626,3202,4739,4615,0,10660,0,5769
-o---oxxo,28,0,233,69,227,0,0,0,0
ox-o-----,0,0,916,0,729,194,1384,2198,636
oxxo-ox-o,0,0,0,0,37,0,0,0,0
-ox--ox-o,257,0,0,339,20,0,0,224,0
xo-o--xo-,0,0,32,0,405,0,0,0,35
xooox-xo-,0,0,0,0,0,0,0,0,50
x-ox-ooox,0,0,0,0,46,0,0,0,0
x---ooxo-,0,123,67,31,0,0,0,0,66
o-xo-o--x,0,0,0,0,155,0,152,0,0
ooxo-o-xx,0,0,0,0,0,0,45,0,0
---o-ooxx,163,22,0,0,192,0,0,0,0
-o-oxooxx,30,0,0,0,0,0,0,0,0
x-o-o----,0,79,0,1526,0,83,2645,220,106
xx---ooo-,0,0,19,17,120,0,0,0,351
o-xoxo---,0,166,0,0,0,0,22,111,208
o-xoxo-xo,0,38,0,0,0,0,48,0,0
ox-----o-,0,0,1570,44,1306,245,983,0,423
ox--x--oo,0,0,153,16,0,49,189,0,0
-ooxx-o--,246,0,0,0,0,17,0,15,79
oo-x-xoox,0,0,49,0,46,0,0,0,0
---oxoo-x,22,125,75,0,0,0,0,236,0
o-o-xxo--,0,186,0,17,0,0,0,107,36
----oxo--,458,717,2524,208,0,0,0,288,1800
-x--oxo-o,56,0,0,0,0,0,0,0,0
xx-ooxo-o,0,0,41,0,0,0,0,0,0
o-xx-o--o,0,0,0,0,55,0,113,0,0
o-xxxo-oo,0,0,0,0,0,0,43,0,0
----x--oo,1408,1039,3705,2745,0,1000,3312,0,0
-x--xo-oo,44,0,253,0,0,0,81,0,0
--o-xxoo-,132,32,0,15,0,0,0,0,245
xoo-xxoo-,0,0,0,31,0,0,0,0,40
--oxoo-x-,0,0,0,0,0,0,178,0,135
-ooxooxx-,37,0,0,0,0,0,0,0,30
--xo-xoo-,107,12,0,0,26,0,0,0,15
oxo------,0,0,0,711,3030,1023,469,1746,808
oxo---o-x,0,0,0,0,32,0,0,44,0
-o-xx-o-o,63,0,47,0,0,11,0,35,0
-ooxx-oxo,0,0,0,0,0,42,0,0,0
--x--o-o-,4532,2373,0,3003,4040,0,4790,0,963
x-xo-ooox,0,35,0,0,43,0,0,0,0
o-x--x-oo,0,0,0,24,93,0,122,0,0
ooxx-x-oo,0,0,0,0,32,0,0,0,0
xoxo--o--,0,0,0,0,238,50,0,0,340
o---oxox-,0,0,50,0,0,0,0,0,25
oox-oxox-,0,0,0,0,0,0,0,0,50
ooxx--xoo,0,0,0,0,36,0,0,0,0
xo--o----,0,0,12,1692,0,112,2180,931,296
xoo-o--x-,0,0,0,147,0,0,194,0,94
xoo-ooxx-,0,0,0,33,0,0,0,0,32
-o-oo--xx,17,0,151,0,0,151,13,0,0
oxo-o--x-,0,0,0,0,0,0,62,0,67
oxo-ooxx-,0,0,0,0,0,0,0,0,39
o-o-xx--o,0,247,0,13,0,0,20,221,0
x-ooxoox-,0,54,0,0,0,0,0,0,39
oxoo--x--,0,0,0,0,131,0,0,238,150
oxooo-x-x,0,0,0,0,0,0,0,46,0
ox----o--,0,0,146,929,1275,265,0,872,233
oxx---o-o,0,0,0,0,168,0,0,8,0
oxx-xoo-o,0,0,0,0,0,0,0,53,0
x--o----o,0,955,1965,0,2118,224,401,689,0
x--oo-x-o,0,23,33,0,0,0,0,0,0
x-xoo-xoo,0,32,0,0,0,0,0,0,0
oxoo-oxx-,0,0,0,0,39,0,0,0,32
ox--o----,0,0,405,0,0,185,295,255,480
ox-oo--x-,0,0,0,0,0,0,81,0,149
oo-x--x-o,0,0,81,0,174,101,0,0,0
o--xx-oo-,0,18,52,0,0,22,0,0,86
xo-x-o--o,0,0,18,0,59,0,20,39,0
xoxx-o-oo,0,0,0,0,0,0,42,0,0
-o-o-oxx-,120,0,311,0,264,0,0,0,32
--oxxooox,43,0,0,0,0,0,0,0,0
-oxo--xo-,122,0,0,0,20,284,0,0,222
-xx--oo-o,22,0,0,80,213,0,0,102,0
o-o---xxo,0,39,0,0,79,0,0,0,0
o-oox-xxo,0,49,0,0,0,0,0,0,0
--x-oox-o,143,59,0,159,0,0,0,0,0
----ox--o,276,156,327,127,0,0,84,0,0
-x--ox-oo,22,0,72,0,0,0,0,0,0
-ox-o----,46,0,0,157,0,743,651,538,2867
x-o-xoo--,0,226,0,62,0,0,0,138,24
-oox-xo--,88,0,0,0,15,0,0,0,35
x-oo-o-x-,0,65,0,0,90,0,50,0,199
xo---xoo-,0,0,0,26,83,0,0,0,181
xo-oxxoo-,0,0,0,0,0,0,0,0,54
xooo-xo-x,0,0,0,0,48,0,0,0,0
oox-xx-oo,0,0,0,37,0,0,31,0,0
--oo--x--,349,557,0,0,2186,377,0,2347,1949
o-oox-x--,0,92,0,0,0,0,0,266,47
o-ooxox-x,0,0,0,0,0,0,0,37,0
-xooxo---,384,0,0,0,0,0,80,18,64
xxo-xooo-,0,0,0,0,0,0,0,0,38
-ox-x-o-o,0,0,0,26,0,70,0,0,0
--xox-o-o,27,13,0,0,0,0,0,103,0
-xxoxoo-o,25,0,0,0,0,0,0,41,0
o-x-x--oo,0,202,0,79,0,261,22,0,0
oo-ox--x-,0,0,68,0,0,0,196,0,16
oo-oxoxx-,0,0,38,0,0,0,0,0,40
xo-xoo---,0,0,124,0,0,0,26,106,38
xooxoo--x,0,0,0,0,0,0,30,0,0
oo---x---,0,0,3867,2076,4606,0,1479,504,1867
xx-o-oxoo,0,0,38,0,0,0,0,0,0
ox--x-o-o,0,0,85,214,0,185,0,14,0
x---o--o-,0,2229,1812,1394,0,644,1054,0,394
x--xoo-o-,0,271,204,0,0,0,11,0,54
-oo----x-,2490,0,0,459,99,230,2304,0,3349
-oo-o-xx-,302,0,0,112,0,6,0,0,20
xoooo-xx-,0,0,0,0,0,0,0,0,43
xoooxox--,0,0,0,0,0,0,0,0,44
---o-xo--,2662,1016,1343,0,685,0,0,350,1701
xoooxxo--,0,0,0,0,0,0,0,0,51
--oxoox--,16,0,0,0,0,0,0,185,199
x-o--xoo-,0,0,0,31,124,0,0,0,57
-xo-o-x-o,36,0,0,51,0,0,0,0,0
xxo-o-xoo,0,0,0,34,0,0,0,0,0
--xo-o-xo,65,171,0,0,389,0,193,0,0
-oxoxo-xo,0,0,0,0,0,0,53,0,0
x-o--o-ox,0,148,0,436,19,0,185,0,0
-xox--o-o,0,0,0,0,143,0,0,8,0
oxoxx-o-o,0,0,0,0,0,29,0,51,0
ooxo-x---,0,0,0,0,222,0,328,73,22
oox--ox--,0,0,0,269,29,0,0,169,333
oox-oox-x,0,0,0,0,0,0,0,48,0
-oox-xoxo,0,0,0,0,35,0,0,0,0
oxox-oox-,0,0,0,0,36,0,0,0,0
-o--oxox-,0,0,231,0,0,0,0,0,145
-ooo--xx-,196,0,0,0,56,90,0,0,25
oox-o-x--,0,0,0,0,0,40,0,21,256
ooxooxx--,0,0,0,0,0,0,0,0,36
o-x-----o,0,1507,0,1137,3246,846,2325,717,0
o-xx---oo,0,0,0,0,309,20,106,0,0
-xooo--x-,0,0,0,0,0,0,77,0,64
-o-oxoxox,47,0,36,0,0,0,0,0,0
-oxxo-o--,0,0,0,0,0,74,0,0,27
o--oo-x-x,0,25,243,0,0,241,0,20,0
xo-o---ox,0,0,158,0,21,187,85,0,0
-oo-xxoxo,0,0,0,42,0,0,0,0,0
--o-ooxx-,100,53,0,150,0,0,0,0,25
oo-x-----,0,0,2239,0,2308,2365,1045,248,490
--xoo-xo-,0,101,0,0,0,61,0,0,7
-xxoo-xoo,46,0,0,0,0,0,0,0,0
ooxo-oxx-,0,0,0,0,41,0,0,0,35
-ox-xo-o-,213,0,0,154,0,0,28,0,272
xo--xo-o-,0,0,196,382,0,0,434,0,16
oxo--o-x-,0,0,0,81,19,0,150,0,47
-o--o--x-,590,0,789,745,0,885,3693,0,1557
-o--ooxx-,212,0,74,229,0,0,0,0,25
xoo-xo---,0,0,0,158,0,0,309,116,19
xxo--oo--,0,0,0,0,128,0,0,74,116
xxo--ooox,0,0,0,0,41,0,0,0,0
x-oo-----,0,707,0,0,2766,903,843,1146,3005
x-oo-o--x,0,86,0,0,18,0,237,222,0
xoo---x-o,0,0,0,14,39,145,0,28,0
-oox--x-o,16,0,0,0,85,252,0,103,0
-o--o-x--,2194,0,383,1641,0,371,0,2538,1823
-xxoxo-oo,42,0,0,0,0,0,33,0,0
--x--oo--,1798,1461,0,44,1084,0,0,707,1261
xoxoxo--o,0,0,0,0,0,0,64,0,0
o----xoox,0,71,26,315,201,0,0,0,0
x------oo,0,1327,3817,3984,849,420,11135,0,0
x--ox--oo,0,94,348,0,0,0,20,0,0
xoxox--oo,0,0,0,0,0,0,47,0,0
oxox-x-oo,0,0,0,0,34,0,0,0,0
ox-x-o--o,0,0,0,0,50,0,0,46,0
--xoo--ox,97,93,0,0,0,24,22,0,0
xo--x--oo,0,0,60,174,0,62,156,0,0
xooxx-oo-,0,0,0,0,0,44,0,0,33
-oxo-x-o-,16,0,0,0,187,0,208,0,27
-o---x--o,625,0,552,1631,2182,0,1167,228,0
xo---x-oo,0,0,0,77,41,0,1,0,0
x-xoxooo-,0,47,0,0,0,0,0,0,33
--ooxo-x-,186,21,0,0,0,0,208,0,436
-oooxo-xx,39,0,0,0,0,0,32,0,0
-x-xooo--,182,0,146,0,0,0,0,0,0
xx-xoooo-,0,0,27,0,0,0,0,0,0
x---oox-o,0,120,106,16,0,0,0,0,0
o-o--oxx-,0,128,0,61,184,0,0,0,22
---xo--o-,1635,192,1109,0,0,67,308,0,211
--oxo-x-o,19,52,0,0,0,132,0,167,0
-ox--o-ox,0,0,0,0,202,0,117,0,0
o---ox---,0,53,1019,117,0,0,661,331,1145
o--xoxo--,0,0,199,0,0,0,0,0,115
o--xoxoox,0,0,43,0,0,0,0,0,0
-oxox--o-,234,0,0,0,0,231,17,0,377
o-oo-xx--,0,0,0,0,0,0,0,103,34
o-oooxxx-,0,0,0,0,0,0,0,0,42
oox---o-x,0,0,0,106,60,19,0,62,0
--ooo-x-x,39,88,0,0,0,153,0,14,0
--oxxo-o-,312,0,0,0,0,0,13,0,162
xooxxo-o-,0,0,0,0,0,0,40,0,55
oxox----o,0,0,0,0,123,59,0,34,0
-oox-xxoo,37,0,0,0,48,0,0,0,0
ox---ox-o,0,0,203,0,59,0,0,7,0
oo-oxxx-o,0,0,34,0,0,0,0,0,0
-xo--x-oo,0,0,0,23,31,0,0,0,0
xo--xo--o,0,0,243,69,0,0,188,0,0
xox-xo-oo,0,0,0,0,0,0,47,0,0
-oxxxo-oo,0,0,0,0,0,0,34,0,0
-ox---oox,178,0,0,56,163,22,0,0,0
-x-----oo,1424,0,3385,551,471,36,1365,0,0
-xxo---oo,28,0,0,0,112,101,373,0,0
oxxo--xoo,0,0,0,0,50,0,0,0,0
o-xo-ox--,0,56,0,0,12,0,0,89,210
oo-o--xx-,0,0,266,0,251,32,0,0,13
o--o-x---,0,74,1910,0,607,0,1681,504,849
o-xo-x-o-,0,77,0,0,339,0,64,0,20
---oo-x--,32,269,236,0,0,775,0,547,1223
o-xoo-x--,0,0,0,0,0,84,0,51,186
ooxoo-xx-,0,0,0,0,0,0,0,0,40
o---xoxo-,0,33,21,112,0,0,0,0,146
o--oxoxox,0,0,44,0,0,0,0,0,0
oo--xoxxo,0,0,43,0,0,0,0,0,0
ooxo--x--,0,0,0,0,23,236,0,120,571
xox--ooox,0,0,0,0,33,0,0,0,0
oxooxo--x,0,0,0,0,0,0,0,50,0
-o-xoox--,22,0,16,0,0,0,0,269,237
x-oox-o--,0,208,0,0,0,216,0,249,25
o---o-x--,0,74,508,414,0,249,0,1383,2446
oo--oxx--,0,0,67,0,0,0,0,61,114
-x-o-o-xo,81,0,241,0,30,0,2,0,0
x-xooxo-o,0,40,0,0,0,0,0,0,0
---ox-oox,24,77,180,0,0,147,0,0,0
--xoxooox,41,0,0,0,0,0,0,0,0
oxo--xo--,0,0,0,49,140,0,0,4,0
oxo-xxo-o,0,0,0,43,0,0,0,37,0
o--oox-x-,0,0,21,0,0,0,89,0,184
-oxoox---,52,0,0,0,0,0,59,151,21
o-o---x--,0,907,0,193,926,82,0,1720,592
o-ox-ox--,0,0,0,0,0,0,0,112,43
o-oxoox-x,0,0,0,0,0,0,0,47,0
-ox-x--oo,166,0,0,249,0,92,21,0,0
x-o--oox-,0,40,0,0,314,0,0,0,170
xxoo-oox-,0,0,0,0,45,0,0,0,0
-oxooxox-,0,0,0,0,0,0,0,0,42
-o--xox-o,143,0,18,140,0,0,0,61,0
-oxox---o,166,0,0,0,0,119,25,154,0
oxo--x--o,0,0,0,48,288,0,0,123,0
o---ox-ox,0,127,14,45,0,0,39,0,0
ox--xoo--,0,0,83,36,0,0,0,28,68
ox--xo--o,0,0,317,5,0,0,105,15,0
xox--oo--,0,0,0,0,25,0,0,0,99
o-o-x-ox-,0,22,0,163,0,67,0,0,22
xo-oxoxo-,0,0,40,0,0,0,0,0,42
-oo-x----,5239,0,0,2000,0,1478,970,363,2684
xooox----,0,0,0,0,0,92,82,69,15
-xx--o-oo,27,0,0,31,159,0,173,0,0
---o--xo-,1221,563,3797,0,2754,306,0,0,2447
o--o--xxo,0,69,258,0,289,0,0,0,0
ooxo--xxo,0,0,0,0,38,0,0,0,0
xo-ox--o-,0,0,285,0,0,336,223,0,25
xo---oxo-,0,0,314,32,458,0,0,0,179
xoo-x-o--,0,0,0,389,0,117,0,74,25
-xo----o-,975,0,0,421,412,144,136,0,190
oxo-x--o-,0,0,0,56,0,56,0,0,0
-xoox---o,4,0,0,0,0,231,28,15,0
oxooxx--o,0,0,0,0,0,0,0,39,0
xoxo-oxo-,0,0,0,0,48,0,0,0,0
oo--o--xx,0,0,313,63,0,102,16,0,0
-o-x-x-oo,204,0,24,0,23,0,119,0,0
-xxoo--o-,20,0,0,0,0,189,83,0,136
--o--o--x,5504,1004,0,2110,4053,0,2380,4703,0
-x-oo-o-x,59,0,137,0,0,37,0,0,0
-x-ooxoox,0,0,36,0,0,0,0,0,0
o-oxooxx-,0,0,0,0,0,0,0,0,43
x-oo-ooxx,0,0,0,0,50,0,0,0,0
xoo----ox,0,0,0,238,21,99,165,0,0
xoo--xoox,0,0,0,0,32,0,0,0,0
-o-x-o---,3537,0,1162,0,1561,0,3378,1097,1963
-o-xxo-o-,284,0,68,0,0,0,310,0,156
oo-o-xx--,0,0,363,0,23,0,0,27,211
xoo-oox-x,0,0,0,37,0,0,0,39,0
o-x-x-oo-,0,0,0,61,0,178,0,0,57
oox-x-oox,0,0,0,0,0,38,0,0,0
oo-oxx---,0,0,172,0,0,0,83,0,60
o-x---xoo,0,152,0,162,22,66,0,0,0
xo--o-x-o,0,0,14,20,0,15,0,122,0
-oxoo---x,0,0,0,0,0,27,156,217,0
oxx--oxoo,0,0,0,0,42,0,0,0,0
x--xo-oo-,0,5,0,0,0,0,0,0,0
-x-oxoo--,665,0,136,0,0,0,0,22,168
xx-ooxoo-,0,0,40,0,0,0,0,0,0
o-xo---xo,0,23,0,0,219,0,101,0,0
-xoo-ooxx,0,0,0,0,46,0,0,0,0
-x--oo---,1046,0,1310,600,0,0,321,85,28
xxo--o-o-,0,0,0,58,102,0,102,0,115
xxo-ooxo-,0,0,0,42,0,0,0,0,0
x-o-oox--,0,81,0,24,0,0,0,42,127
xo-o-oxox,0,0,0,0,31,0,0,0,0
-ooxo--x-,159,0,0,0,0,0,98,0,21
o-o-xx-o-,0,114,0,19,0,0,138,0,79
o-o-x----,0,2639,0,1650,0,1222,923,1938,463
oxo-xo---,0,0,0,25,0,0,84,18,68
-o-xxo--o,65,0,51,0,0,0,75,0,0
ooxoo-x-x,0,0,0,0,0,49,0,36,0
---xo-o--,0,322,208,0,0,354,0,0,192
-xxxooo-o,45,0,0,0,0,0,0,0,0
x-o-x-oo-,0,61,0,170,0,142,0,0,17
---o-x--o,365,302,315,0,632,0,253,248,0
x--o-ox-o,0,20,200,0,164,0,0,0,0
--x-xoo-o,25,126,0,0,0,0,0,65,0
o-xo--x-o,0,52,0,0,20,82,0,199,0
ooxo-xx-o,0,0,0,0,37,0,0,0,0
-oo-x--ox,20,0,0,348,0,317,105,0,0
-oo-xxoox,35,0,0,35,0,0,0,0,0
oox-xo-ox,0,0,0,0,0,0,36,0,0
o----o-x-,0,1476,1498,583,5069,0,3926,0,1699
ox---o-xo,0,0,208,19,23,0,88,0,0
oxx--ooxo,0,0,0,0,31,0,0,0,0
-o-xoo--x,45,0,0,0,0,0,130,95,0
oo--ox--x,0,0,17,56,0,0,144,221,0
ooxoxo--x,0,0,0,0,0,0,46,0,0
x-xoo-o--,0,16,0,0,0,234,0,13,148
o-oo-x-x-,0,69,0,0,34,0,37,0,134
-o--xo-xo,0,0,163,0,0,0,226,0,0
o--x-o---,0,95,155,0,287,0,1075,135,226
o--xoo--x,0,0,0,0,0,0,205,92,0
---xxooo-,182,0,0,0,0,0,0,0,78
-o-xxooox,47,0,0,0,0,0,0,0,0
---x-oxoo,24,22,399,0,264,0,0,0,0
o--x-oox-,0,35,0,0,45,0,0,0,0
-xxo-o-o-,19,0,0,0,305,0,44,0,48
---xo-xoo,15,10,63,0,0,22,0,0,0
-x-xooxoo,35,0,0,0,0,0,0,0,0
---ox-oxo,12,23,58,0,0,99,0,0,0
--xoxooxo,0,49,0,0,0,0,0,0,0
--oxox--o,118,0,0,0,0,0,151,0,0
xooxox--o,0,0,0,0,0,0,38,0,0
-o-x-ox-o,22,0,391,0,174,0,0,26,0
xx--oo-o-,0,0,17,341,0,0,171,0,58
-xoox-oox,38,0,0,0,0,0,0,0,0
xo-o-ox--,0,0,204,0,217,0,0,79,131
xoxo---o-,0,0,0,0,215,82,135,0,67
-x-xoo-o-,208,0,48,0,0,0,33,0,0
xo-oxo---,0,0,402,0,0,0,283,180,13
xxo---oo-,0,0,0,0,162,0,0,0,38
xo-x---oo,0,0,128,0,298,118,25,0,0
-x-oxo-o-,286,0,109,0,0,0,99,0,162
x-oo-xoox,0,0,0,0,46,0,0,0,0
xxoo-o-ox,0,0,0,0,30,0,0,0,0
---o-o--x,2960,1043,951,0,4677,0,2960,2243,0
-o-oxo--x,24,0,181,0,0,0,338,169,0
o----oxxo,0,35,41,0,104,0,0,0,0
ox-o-oxxo,0,0,0,0,40,0,0,0,0
o---xx-oo,0,24,171,18,0,0,193,0,0
-x-oo-xo-,23,0,32,0,0,0,0,0,0
o-x--xo-o,0,0,0,8,79,0,0,0,0
xxo-o--o-,0,0,0,91,0,0,31,0,0
ox-o---ox,0,0,150,0,0,90,0,0,0
ox-oox-ox,0,0,32,0,0,0,0,0,0
-oo-xxo--,274,0,0,18,0,0,0,29,130
-o-x--oox,110,0,15,0,266,184,0,0,0
ox----oxo,0,0,21,206,7,21,0,0,0
oxx-o-o--,0,0,0,0,0,28,0,0,53
-----oox-,1252,1801,572,75,2879,0,0,0,258
---x--o-o,59,391,61,0,874,919,0,981,0
oxox-xo-o,0,0,0,0,25,0,0,0,0
oo--x-xo-,0,0,13,237,0,82,0,0,178
oo-oxxxo-,0,0,33,0,0,0,0,0,0
o-o-o-x-x,0,120,0,136,0,34,0,19,0
x--o-xoo-,0,38,133,0,160,0,0,0,317
x-oo-x-o-,0,0,0,0,152,0,0,0,157
oox----ox,0,0,0,70,213,21,210,0,0
x--o-oo-x,0,185,162,0,17,0,0,75,0
xxoo-oo-x,0,0,0,0,41,0,0,0,0
-xooo---x,0,0,0,0,0,0,54,41,0
o-----xo-,0,256,3207,1017,4083,1005,0,0,286
x-xoo---o,0,18,0,0,0,136,4,42,0
x--o--oox,0,165,658,0,20,270,0,0,0
-oxx--o-o,0,0,0,0,40,26,0,0,0
ooxx-xo-o,0,0,0,0,40,0,0,0,0
-xxxoooo-,45,0,0,0,0,0,0,0,0
-oxo--x-o,109,0,0,0,16,176,0,129,0
-oxo-oxxo,0,0,0,0,55,0,0,0,0
--oxo-xo-,20,202,0,0,0,9,0,0,23
--xo-oo-x,103,96,0,0,113,0,0,0,0
-o----ox-,303,0,292,252,728,648,0,0,432
-o---ooxx,104,0,0,0,41,0,0,0,0
oxo-o-x--,0,0,0,0,0,0,0,54,154
oxo-oox-x,0,0,0,0,0,0,0,49,0
x-o-ox--o,0,0,0,140,0,0,92,0,0
oxx----oo,0,0,0,0,116,0,257,0,0
-o-o--xox,98,0,160,0,392,136,0,0,0
--o-oxxo-,0,0,0,33,0,0,0,0,0
x----oxoo,0,320,753,19,151,0,0,0,0
-x--ooxo-,105,0,5,159,0,0,0,0,0
x-xo-o--o,0,19,0,0,232,0,193,6,0
x-xoxoo-o,0,32,0,0,0,0,0,0,0
-o-oxx--o,0,0,44,0,0,0,239,0,0
x-x-oo-o-,0,16,0,209,0,0,77,0,105
ox-o-o-x-,0,0,35,0,22,0,74,0,20
oo---xxo-,0,0,79,2,102,0,0,0,59
o-x-o-xo-,0,0,0,0,0,34,0,0,0
o-xooxxo-,0,0,0,0,0,0,0,0,34
o-ox--x-o,0,0,0,0,94,46,0,0,0
oxoo----x,0,0,0,0,33,0,61,130,0
o-o--xox-,0,59,0,28,135,0,0,0,0
-oo--xo-x,120,0,0,43,75,0,0,0,0
oxx-o--o-,0,0,0,0,0,186,0,0,213
oox-o---x,0,0,0,66,0,18,205,344,0
--ooxox--,92,74,0,0,0,0,0,124,394
o-xo-xxoo,0,0,0,0,34,0,0,0,0
o-o-x-x-o,0,22,0,96,0,26,0,68,0
oxoox-x-o,0,0,0,0,0,0,0,37,0
xx---o-oo,0,0,23,68,64,0,180,0,0
x-xo--o-o,0,12,0,0,32,76,0,147,0
xo--xoxoo,0,0,43,41,0,0,0,0,0
o--x-xoo-,0,12,124,0,21,0,0,0,205
-o-xooxxo,40,0,0,0,0,0,0,0,0
oo-o-x--x,0,0,21,0,237,0,202,107,0
x--o--xoo,0,79,282,0,237,0,0,0,0
x--oox--o,0,202,107,0,0,0,0,0,0
xooxoo-x-,0,0,0,0,0,0,40,0,0
-xxo--o-o,20,0,0,0,79,90,0,196,0
ox-o-x--o,0,0,0,0,0,0,0,93,0
--o-x-xoo,37,0,0,145,0,96,0,0,0
xoxo-xoo-,0,0,0,0,0,0,0,0,31
--oox-ox-,425,15,0,0,0,35,0,0,254
-oo--x---,2239,0,0,1034,1369,0,527,146,236
o---x-xoo,0,45,23,283,0,329,0,0,0
o--oxxxoo,0,0,51,0,0,0,0,0,0
oox-o--x-,0,0,0,0,0,122,84,0,200
oo--x-x-o,0,0,22,155,0,116,0,132,0
oo--xxxoo,0,0,33,29,0,0,0,0,0
--x-o-oox,229,282,0,48,0,10,0,0,0
---oox-ox,50,31,23,0,0,0,64,0,0
-x-o-xoo-,25,0,147,0,0,0,0,0,40
--xox-oo-,127,24,0,0,0,40,0,0,77
o---o-oxx,0,0,46,0,0,5,0,0,0
oox-o-oxx,0,0,0,0,0,43,0,0,0
oxxoox-o-,0,0,0,0,0,0,0,0,47
-xo-xoo--,198,0,0,25,0,0,0,18,161
xxooxoo--,0,0,0,0,0,0,0,43,48
oo--xxo--,0,0,232,21,0,0,0,0,52
xxoo----o,0,0,0,0,14,0,0,29,0
xxoo--oxo,0,0,0,0,44,0,0,0,0
--o-oo-xx,44,22,0,126,0,0,17,0,0
oxo-oo-xx,0,0,0,0,0,0,32,0,0
oo-oxo-xx,0,0,0,0,0,0,29,0,0
ox-oxo---,0,0,157,0,0,0,138,18,84
oo--xo-x-,0,0,78,0,0,0,283,0,11
--x-oo---,1413,1560,0,1187,0,0,247,115,236
------xoo,12197,912,5632,3922,2306,1957,0,0,0
oxx--oo--,0,0,0,0,119,0,0,48,0
oo-x---xo,0,0,0,0,45,89,0,0,0
x-xoo--o-,0,27,0,0,0,239,80,0,154
-oxo-o-x-,0,0,0,0,221,0,225,0,61
--o-xoo-x,13,266,0,90,0,0,0,162,0
-xooxoo-x,30,0,0,0,0,0,0,38,0
xoo-o---x,0,0,0,35,0,0,67,48,0
x-xxooo-o,0,38,0,0,0,0,0,0,0
oo---xo-x,0,0,19,160,112,0,0,37,0
x---oo-xo,0,43,78,69,0,0,72,0,0
x---ox-oo,0,26,62,59,0,0,103,0,0
x-oxox-oo,0,0,0,0,0,0,34,0,0
o-x-o--ox,0,179,0,55,0,24,4,0,0
o-o--x-xo,0,142,0,33,157,0,0,0,0
-ox--oo-x,133,0,0,0,235,0,0,0,0
xo-x-o-o-,0,0,69,0,373,0,20,0,234
xx-o---oo,0,0,15,0,13,9,105,0,0
o-xx-oxoo,0,0,0,0,41,0,0,0,0
-x-oxooox,34,0,0,0,0,0,0,0,0
oxo-x-o--,0,0,0,224,0,109,0,24,74
oo--o-xx-,0,0,116,61,0,75,0,0,16
oo-o-xxox,0,0,44,0,0,0,0,0,0
o-xo-x--o,0,0,0,0,128,0,33,0,0
o--oxo--x,0,27,79,0,0,0,275,124,0
-oxo-xo--,152,0,0,0,15,0,0,76,23
o--ox--xo,0,24,159,0,0,68,247,0,0
ox-x---oo,0,0,0,0,40,45,0,0,0
xoox--o--,0,0,0,0,129,49,0,0,213
xoox-xoo-,0,0,0,0,43,0,0,0,0
-xo--o---,1654,0,0,41,2801,0,398,1584,1220
-xoo-o--x,33,0,0,0,126,0,25,305,0
-oo--xox-,0,0,0,74,53,0,0,0,0
xoox-o---,0,0,0,0,196,0,24,54,320
-xoo--o-x,161,0,0,0,127,0,0,50,0
o--ooxx--,0,0,42,0,0,0,0,104,153
-o--x---o,1400,0,3288,3558,0,2174,2375,386,0
oox-xo-xo,0,0,0,0,0,0,38,0,0
--o-oox-x,285,142,0,228,0,0,0,11,0
xx-o--oo-,0,0,14,0,215,4,0,0,214
-ooooxx-x,0,0,0,0,0,0,0,41,0
-xooxo-ox,24,0,0,0,0,0,0,0,0
xx--oo--o,0,0,19,255,0,0,36,16,0
-o-oox-x-,0,0,29,0,0,0,58,0,246
--o-oxx-o,56,0,0,57,0,0,0,0,0
--oooxx--,0,0,0,0,0,0,0,174,138
-o-x--oxo,0,0,0,0,196,85,0,0,0
-ox-oo-x-,0,0,0,0,0,0,10,0,30
oox-oo-xx,0,0,0,0,0,0,43,0,0
--xo--oox,489,159,0,0,95,21,0,0,0
-oxx---oo,64,0,0,0,176,36,97,0,0
-oxx-oxoo,41,0,0,0,55,0,0,0,0
xo-ox-xoo,0,0,37,0,0,0,0,0,0
x----ooxo,0,178,196,0,32,0,0,0,0
----ooxxo,85,0,0,60,0,0,0,0,0
-oxo-xxoo,0,0,0,0,43,0,0,0,0
-x--xoo-o,54,0,255,38,0,0,0,18,0
ox-xxoo-o,0,0,0,0,0,0,0,31,0
-ooo-x--x,114,0,0,0,70,0,69,28,0
-oooox-xx,0,0,0,0,0,0,31,0,0
-ox-o-o-x,20,0,0,40,0,29,0,128,0
oo-x-ox--,0,0,96,0,202,0,0,46,103
x-o---oox,0,157,0,196,29,17,0,0,0
xxoo-o---,0,0,0,0,222,0,0,136,173
--oo--xox,92,0,0,0,155,0,0,0,0
-o-xo-x-o,24,0,32,0,0,20,0,149,0
--ooxxo--,191,21,0,0,0,0,0,89,143
o--o-o-xx,0,27,89,0,110,0,19,0,0
ox----xoo,0,0,207,0,115,0,0,0,0
x-o-ox-o-,0,0,0,13,0,0,71,0,0
oxx--o--o,0,0,0,0,333,0,83,191,0
-xo-x-oo-,123,0,0,96,0,12,0,0,62
-xo-xooox,34,0,0,0,0,0,0,0,0
-o--xx-oo,8,0,41,14,0,0,129,0,0
o-oxx-oxo,0,38,0,0,0,32,0,0,0
x-xo---oo,0,12,0,0,169,50,244,0,0
xo--o--xo,0,0,0,35,0,0,76,0,0
xo----oox,0,0,214,264,20,220,0,0,0
xooo----x,0,0,0,0,28,234,182,196,0
ox--oxoox,0,0,47,0,0,0,0,0,0
ox---xo-o,0,0,0,56,117,0,0,40,0
-xo-oo--x,0,0,0,0,0,0,68,22,0
-ooxx-oox,41,0,0,0,0,40,0,0,0
-xx-oo-o-,22,0,0,142,0,0,17,0,77
-o-xo--xo,91,0,0,0,0,0,136,0,0
-oo-xo-x-,77,0,0,0,0,0,1,0,80
xo-oo-x--,0,0,0,0,0,0,0,67,101
x---xooo-,0,172,185,113,0,0,0,0,17
oo-xx-xoo,0,0,32,0,0,39,0,0,0
-xo--oo-x,94,0,0,0,246,0,0,63,0
x-o-o-xo-,0,99,0,23,0,0,0,0,4
x--o-o-xo,0,100,73,0,77,0,0,0,0
--xoo-o-x,184,60,0,0,0,24,0,48,0
ox-oox---,0,0,52,0,0,0,0,0,43
oo-xo---x,0,0,0,0,0,15,49,74,0
oo-xoo-xx,0,0,0,0,0,0,36,0,0
-o-ooxx--,0,0,4,0,0,0,0,177,114
-o-x-xo-o,114,0,42,0,17,0,0,106,0
oo-x-xo--,0,0,204,0,23,0,0,71,263
oo--xx--o,0,0,253,16,0,0,105,115,0
-o--xoo-x,31,0,31,168,0,0,0,84,0
xoo-xoox-,0,0,0,0,0,0,0,0,40
-oox--o-x,105,0,0,0,83,76,0,0,0
o-xxo-o--,0,0,0,0,0,87,0,0,130
----o--xo,364,65,889,191,0,0,0,0,0
o-o-xox--,0,68,0,0,0,0,0,39,15
x-xo-o-o-,0,22,0,0,280,0,282,0,130
xo-ox---o,0,0,153,0,0,0,164,0,0
xo-o-ooxx,0,0,0,0,31,0,0,0,0
-oxoo--x-,0,0,0,0,0,94,65,0,275
-xx-ooo--,20,0,0,77,0,0,0,109,39
-x---o-o-,2937,0,2034,422,1343,0,1675,0,998
-x---ooox,240,0,37,0,48,0,0,0,0
--oxx-oo-,199,28,0,0,0,18,0,0,343
oxoxx-oo-,0,0,0,0,0,39,0,0,0
xoo---xo-,0,0,0,18,216,15,0,0,162
--o-xoox-,284,9,0,14,0,0,0,0,295
x--o-o-ox,0,165,258,0,27,0,107,0,0
o---xoo-x,0,22,0,0,0,0,0,18,0
xoo--xo--,0,0,0,111,434,0,0,0,83
--xxooo--,80,119,0,0,0,0,0,0,0
x-xxoooo-,0,43,0,0,0,0,0,0,0
x-o-x-o-o,0,17,0,74,0,69,0,0,0
ooxo---x-,0,0,0,0,65,35,216,0,182
o-oox---x,0,171,0,0,0,0,60,50,0
o--x-ox-o,0,0,214,0,58,0,0,0,0
-oo-x-o-x,22,0,0,155,0,96,0,158,0
-x-o-oo-x,179,0,37,0,229,0,0,68,0
o-xo-o-x-,0,50,0,0,137,0,116,0,1
xox-oo---,0,0,0,79,0,0,25,0,0
-o-x-oxo-,17,0,292,0,131,0,0,0,73
xoxoxoo--,0,0,0,0,0,0,0,0,49
--ooo--xx,20,31,0,0,0,54,20,0,0
-oxxoox-o,35,0,0,0,0,0,0,0,0
----xoxoo,181,64,20,69,0,0,0,0,0
-xoo-o-x-,85,0,0,0,22,0,45,0,233
--ox-oxo-,15,0,0,0,0,0,0,0,148
x--ooxo--,0,127,327,0,0,0,0,0,101
-o--xoox-,162,0,0,0,0,0,0,0,89
o-xoxx-oo,0,0,0,0,0,0,44,0,0
---x-oo--,132,500,132,0,917,0,0,98,935
ox--xo-o-,0,0,58,0,0,0,91,0,0
ox-oxoxo-,0,0,33,0,0,0,0,0,0
-o---xoox,207,0,25,208,521,0,0,0,0
-ox--oxo-,273,0,0,147,15,0,0,0,179
xoox-o-ox,0,0,0,0,38,0,48,0,0
o-x-xoo--,0,96,0,0,0,0,0,9,0
xo-ox-o--,0,0,151,0,0,195,0,27,19
xo-oxoox-,0,0,0,0,0,0,0,0,38
xx-oox-oo,0,0,38,0,0,0,0,0,0
----xooxo,40,16,159,46,0,0,0,0,0
xo-oxox-o,0,0,37,0,0,0,0,0,0
ox-x--o-o,0,0,0,0,138,3,0,53,0
xo--o-o-x,0,0,83,0,0,79,0,0,0
xo--xoo--,0,0,141,124,0,0,0,35,14
-xoox--o-,100,0,0,0,0,0,0,0,49
-x-o--xoo,67,0,231,0,150,0,0,0,0
xx-oo-xoo,0,0,26,0,0,0,0,0,0
-o---xxoo,51,0,33,222,204,0,0,0,0
oxoox----,0,0,0,0,0,24,96,20,117
oo----xox,0,0,207,0,126,44,0,0,0
oo-ox-xox,0,0,48,0,0,0,0,0,0
x--o-oox-,0,171,60,0,263,0,0,0,90
o-x-xo-o-,0,32,0,135,0,0,14,0,179
x---o-xoo,0,255,238,24,0,77,0,0,0
xoo--x-o-,0,0,0,136,237,0,111,0,111
xoox-x-oo,0,0,0,0,47,0,36,0,0
--o----ox,4398,376,0,2983,2356,1053,639,0,0
o-x-ox-o-,0,183,0,46,0,0,42,0,28
o--xo----,0,0,39,0,0,321,264,148,248
oo-xox---,0,0,98,0,0,0,0,0,14
o-xox--o-,0,36,0,0,0,154,12,0,199
o--ox-xo-,0,114,19,0,0,26,0,0,55
oo-xxox-o,0,0,40,0,0,0,0,0,0
-oo-x--xo,0,0,0,35,0,7,0,0,0
-o---oxox,112,0,259,57,310,0,0,0,0
---ooxo-x,213,72,20,0,0,0,0,68,0
--o--xoxo,0,81,0,25,162,0,0,0,0
-x-o-oxo-,46,0,201,0,119,0,0,0,0
oxxo-oxo-,0,0,0,0,43,0,0,0,0
--xo-ox-o,200,130,0,0,26,0,0,221,0
oo--o-x-x,0,0,264,60,0,129,0,30,0
x--x-ooo-,0,22,97,0,39,0,0,0,138
x--o-xo-o,0,13,82,0,0,0,0,0,0
xxooxo-o-,0,0,0,0,0,0,0,0,39
--o-o-xxo,36,0,0,44,0,0,0,0,0
xoo-o-xxo,0,0,0,31,0,0,0,0,0
-o--xoxo-,331,0,23,353,0,0,0,0,379
ox--x-oo-,0,0,0,54,0,14,0,0,0
-x-ooxo--,78,0,254,0,0,0,0,0,62
-xxooxo-o,39,0,0,0,0,0,0,0,0
-xxo--oo-,12,0,0,0,45,124,0,0,182
-o-ox-x-o,111,0,25,0,0,138,0,108,0
-x-ox--oo,0,0,228,0,0,0,176,0,0
o-oo--x-x,0,138,0,0,105,39,0,26,0
-x---ooxo,208,0,120,103,28,0,0,0,0
-oxo-o--x,98,0,0,0,153,0,77,48,0
oo-x--o-x,0,0,69,0,94,187,0,0,0
ooxx--oox,0,0,0,0,0,36,0,0,0
-xxoo---o,22,0,0,0,0,91,35,5,0
oox--x--o,0,0,0,34,194,0,43,0,0
---xxo-oo,11,0,102,0,0,0,110,0,0
-oxo-ox--,123,0,0,0,21,0,0,167,130
--xxo-o-o,32,79,0,0,0,0,0,0,0
--oox-o-x,23,192,0,0,0,193,0,295,0
oxo--ox--,0,0,0,0,75,0,0,122,191
oox--oxox,0,0,0,0,49,0,0,0,0
x---xo-oo,0,30,219,44,0,0,248,0,0
x-xoxo-oo,0,34,0,0,0,0,27,0,0
o--x--oox,0,0,38,0,205,281,0,0,0
--o-ox---,172,0,0,442,0,0,323,276,165
o-o-xxxoo,0,0,0,40,0,0,0,0,0
x--oxo--o,0,187,270,0,0,0,70,61,0
o--oo--xx,0,37,71,0,0,150,16,0,0
xx--ooo--,0,0,19,68,0,0,0,56,86
o-oxx-o--,0,172,0,0,0,22,0,52,151
oxo--xoxo,0,0,0,0,39,0,0,0,0
--ox--oox,215,0,0,0,304,190,0,0,0
--oxx-o-o,48,107,0,0,0,21,0,189,0
--xoo-x-o,38,43,0,0,0,0,0,0,0
oxox--o--,0,0,0,0,227,97,0,111,0
o--xoox--,0,0,0,0,0,0,0,183,127
--xxoo-o-,242,300,0,0,0,0,8,0,0
---xoo-ox,138,0,0,0,0,0,8,0,0
xo-xxo-oo,0,0,0,0,0,0,44,0,0
-o-o--xxo,0,0,103,0,184,0,0,0,0
o--o--xox,0,0,161,0,208,70,0,0,0
-oxx-o-o-,1,0,0,0,31,0,216,0,0
oxxo---o-,0,0,0,0,50,36,199,0,71
-xo--o-ox,107,0,0,0,117,0,0,0,0
-oxoxo---,406,0,0,0,0,0,18,108,311
-x-o-ox-o,51,0,232,0,117,0,0,70,0
--x-o-xoo,230,182,0,48,0,0,0,0,0
xoxo-o-ox,0,0,0,0,30,0,0,0,0
-xx--ooo-,15,0,0,88,72,0,0,0,114
--xoxoo--,220,111,0,0,0,0,0,103,107
-o--oxo-x,14,0,19,85,0,0,0,181,0
xo-xo---o,0,0,47,0,0,16,30,101,0
--x-oxo-o,83,59,0,0,0,0,0,0,0
xoo-xxo-o,0,0,0,39,0,0,0,0,0
o--oox--x,0,22,16,0,0,0,180,143,0
-x--oo-xo,46,0,5,0,0,0,0,0,0
oo--x--ox,0,0,276,51,0,244,138,0,0
--o-o-x--,1359,325,0,1507,0,425,0,2387,1948
-ooxo-x--,17,0,0,0,0,78,0,146,46
--oxo--xo,84,0,0,0,0,0,44,0,0
ox-o--x-o,0,0,158,0,208,0,0,139,0
o-xoox---,0,94,0,0,0,0,83,25,13
-o-xoxo--,0,0,133,0,0,0,0,0,1
x-x-oooox,0,38,0,0,0,0,0,0,0
--x-oxoo-,23,342,0,18,0,0,0,0,23
o-oxo---x,0,0,0,0,0,0,176,68,0
o--o-xxo-,0,0,281,0,139,0,0,0,152
x-o-xo-o-,0,60,0,239,0,0,206,0,17
xx--o--oo,0,0,19,163,0,87,243,0,0
---oxo-ox,21,31,389,0,0,0,219,0,0
-xx-oo--o,22,0,0,196,0,0,79,73,0
--oo-xo-x,103,0,0,0,92,0,0,0,0
ox--oo--x,0,0,0,0,0,0,32,1,0
x-xo-oo--,0,18,0,0,208,0,0,94,188
x-o---xoo,0,8,0,13,50,142,0,0,0
-oo-xx--o,114,0,0,10,0,0,67,25,0
-oxoxxoo-,0,0,0,0,0,0,0,0,37
-oxxoo---,104,0,0,0,0,0,8,0,0
x-x--oo-o,0,15,0,50,36,0,0,194,0
--xo-oox-,93,194,0,0,89,0,0,0,0
o-oo-x--x,0,0,0,0,0,0,47,61,0
oxoo--xxo,0,0,0,0,36,0,0,0,0
-ooxx---o,133,0,0,0,0,22,79,8,0
-o-oxxo--,139,0,51,0,0,0,0,0,252
x-oo-ox--,0,0,0,0,88,0,0,73,310
xooo-ox-x,0,0,0,0,34,0,0,42,0
oxoo-ox-x,0,0,0,0,0,0,0,28,0
oo-xx-oox,0,0,0,0,0,44,0,0,0
--oox-xo-,152,0,0,0,0,0,0,0,177
oo--x-o-x,0,0,46,64,0,74,0,0,0
oox---ox-,0,0,0,0,0,53,0,0,104
ox--xoxoo,0,0,32,0,0,0,0,0,0
-oo---xox,140,0,0,79,107,0,0,0,0
--x-ooox-,126,46,0,0,0,0,0,0,0
xoo--x--o,0,0,0,286,27,0,151,0,0
-xo---oox,109,0,0,0,85,0,0,0,0
---o-xxoo,0,0,117,0,113,0,0,0,0
-o-x-xoo-,127,0,237,0,15,0,0,0,175
-x--o-oox,49,0,285,0,0,113,0,0,0
-xx-oooox,37,0,0,0,0,0,0,0,0
oxx-o-oox,0,0,0,0,0,51,0,0,0
o-o--ox-x,0,35,0,9,15,0,0,21,0
-xxoxooo-,43,0,0,0,0,0,0,0,0
o--xxoo--,0,96,0,0,0,0,0,127,0
oxoxxoo--,0,0,0,0,0,0,0,37,0
o-o-xxoox,0,0,0,36,0,0,0,0,0
o--xo-o-x,0,0,130,0,0,73,0,0,0
-x-xo-oo-,9,0,57,0,0,0,0,0,0
o---oxo-x,0,24,25,213,0,0,0,51,0
--ox-oo-x,215,0,0,0,227,0,0,0,0
-o-oxx-o-,275,0,186,0,0,0,93,0,537
-oxoxx-oo,0,0,0,0,0,0,34,0,0
xoxo--xoo,0,0,0,0,45,0,0,0,0
o--x-x-oo,0,9,32,0,14,0,140,0,0
x-oox-oxo,0,33,0,0,0,0,0,0,0
o-oxo-x--,0,0,0,0,0,0,0,101,76
xx-oo--o-,0,0,15,0,0,118,27,0,140
ooxx-o---,0,0,0,0,83,0,135,0,0
ox--oox--,0,0,0,0,0,0,0,54,71
o--oo-xx-,0,88,60,0,0,103,0,0,20
-xo-o-xo-,97,0,0,111,0,0,0,0,0
xoooxo-x-,0,0,0,0,0,0,0,0,48
ox-o--xo-,0,0,125,0,269,0,0,0,0
oxx---oo-,0,0,0,0,0,16,0,0,121
oxoo-x---,0,0,0,0,25,0,0,29,0
ooxx----o,0,0,0,0,210,111,146,0,0
-oox-ox--,18,0,0,0,18,0,0,32,165
-oooxxo-x,39,0,0,0,0,0,0,0,0
-x-xo-o-o,57,0,91,0,0,0,0,0,0
-oox-o--x,220,0,0,0,112,0,300,40,0
--xoo-ox-,48,44,0,0,0,38,0,0,52
-o-xxoo--,217,0,0,0,0,0,0,0,82
x-ox-oo--,0,0,0,0,79,0,0,0,159
-o-ox-ox-,49,0,0,0,0,0,0,0,51
xo-oo---x,0,0,8,0,0,62,79,44,0
--ox--oxo,0,16,0,0,190,129,0,0,0
-oox-oxox,47,0,0,0,0,0,0,0,0
x---ooox-,0,38,60,0,0,0,0,0,0
-oo-ox--x,0,0,0,0,0,0,48,20,0
-oxxo---o,90,0,0,0,0,0,3,0,0
-ooox--x-,119,0,0,0,0,0,54,0,131
-oo--x-ox,78,0,0,31,260,0,0,0,0
-x--o-xoo,194,0,259,103,0,0,0,0,0
xo-x-oo--,0,0,0,0,89,0,0,0,51
xoooo--xx,0,0,0,0,0,0,30,0,0
o-o--xo-x,0,0,0,64,87,0,0,0,0
oxxo-o---,0,0,0,0,234,0,180,22,0
xoo-o-x--,0,0,0,29,0,9,0,301,107
---x-o--o,1947,501,2167,0,326,0,3724,120,0
-x-x-oo-o,46,0,51,0,43,0,0,3,0
--oo--oxx,90,77,0,0,160,0,0,0,0
-x-ox-oo-,245,0,134,0,0,0,0,0,127
-ooxo---x,6,0,0,0,0,0,226,29,0
-oo--x-xo,0,0,0,31,105,0,0,0,0
-ox--x-oo,0,0,0,22,237,0,126,0,0
xoox---o-,0,0,0,0,304,268,16,0,280
-o-x-oo-x,89,0,0,0,147,0,0,0,0
-o-oxo-x-,106,0,103,0,0,0,411,0,287
xxoo--o--,0,0,0,0,268,0,0,132,163
x---xoo-o,0,233,15,0,0,0,0,40,0
oxooxox--,0,0,0,0,0,0,0,44,0
xo-o--ox-,0,0,0,0,122,0,0,0,57
xox--o-o-,0,0,0,17,362,0,180,0,65
o--xxo--o,0,79,154,0,0,0,104,54,0
-x-oo--ox,46,0,146,0,0,126,0,0,0
--o--ooxx,152,137,0,0,435,0,0,0,0
x-oxo--o-,0,97,0,0,0,0,15,0,18
o-ooxx---,0,65,0,0,0,0,0,41,0
-x-ox-o-o,223,0,92,0,0,90,0,27,0
ox--o--ox,0,0,187,0,0,26,0,0,0
ox-oo---x,0,0,62,0,0,15,86,17,0
x-oo---xo,0,37,0,0,29,0,0,0,0
o-x---oox,0,11,0,93,29,18,0,0,0
o-ox--o-x,0,0,0,0,149,80,0,0,0
-x-xoo--o,261,0,89,0,0,0,62,0,0
xoxoo----,0,0,0,0,0,54,0,0,39
ox----oox,0,0,78,0,0,162,0,0,0
oox-ox---,0,0,0,41,0,0,28,246,16
o-x-oo-x-,0,0,0,0,0,0,16,0,56
x-o-x--oo,0,0,0,19,0,62,1,0,0
xo-oo--x-,0,0,0,0,0,0,117,0,21
o--x--oxo,0,78,0,0,219,87,0,0,0
x--ox-o-o,0,108,18,0,0,0,0,63,0
---o-xoxo,0,36,0,0,136,0,0,0,0
oo-x---ox,0,0,42,0,87,103,0,0,0
-x-oox--o,71,0,100,0,0,0,0,0,0
--o-xoxo-,161,0,0,40,0,0,0,0,109
o----xxoo,0,0,78,29,222,0,0,0,0
o-xoo--x-,0,0,0,0,0,58,44,0,149
oox--xxoo,0,0,0,0,29,0,0,0,0
-ox-oo--x,0,0,0,0,0,0,34,63,0
-oo-x-ox-,66,0,0,47,0,71,0,0,70
oo-x-o-x-,0,0,0,0,0,0,88,0,32
oxo--x-o-,0,0,0,103,114,0,0,0,0
-oxx-o--o,172,0,0,0,125,0,260,0,0
--ooxx-o-,139,0,0,0,0,0,0,0,116
--xo-x-oo,31,0,0,0,173,0,125,0,0
ox-x--oo-,0,0,0,0,36,65,0,0,0
-xoox-o--,233,0,0,0,0,66,0,18,237
o-o--xx-o,0,0,0,98,64,0,0,0,0
o--oxx--o,0,28,126,0,0,0,132,24,0
--oo-xox-,0,22,0,0,116,0,0,0,0
xoo--o-x-,0,0,0,46,299,0,76,0,284
-xoxoo---,83,0,0,0,0,0,10,0,0
oox----xo,0,0,0,0,108,0,177,0,0
--oox-x-o,0,28,0,0,0,0,0,31,0
oxo-x---o,0,0,0,376,0,198,72,23,0
o---ooxx-,0,33,41,271,0,0,0,0,27
-ox--o-xo,0,0,0,0,98,0,176,0,0
-oox-x-o-,245,0,0,0,14,0,168,0,30
ox--ox-o-,0,0,99,0,0,0,0,0,105
-oo-oxx--,54,0,0,29,0,0,0,7,35
--xoxo--o,342,317,0,0,0,0,11,338,0
-x--xooo-,106,0,43,0,0,0,0,0,77
x---oxo-o,0,13,57,0,0,0,0,0,0
o-oxo--x-,0,0,0,0,0,0,57,0,57
-xo-oox--,89,0,0,26,0,0,0,73,134
ox---x-oo,0,0,0,20,47,0,0,0,0
x---o-oox,0,124,135,0,0,73,0,0,0
-ox-oox--,9,0,0,28,0,0,0,69,67
oo----oxx,0,0,5,0,0,11,0,0,0
-xxo-ooox,38,0,0,0,0,0,0,0,0
-o-ox--xo,0,0,167,0,0,0,97,0,0
-xo-xo-o-,178,0,0,0,0,0,0,0,73
o--oxx-o-,0,0,98,0,0,0,134,0,107
-oooxx---,9,0,0,0,0,0,0,0,140
x--xo-o-o,0,24,52,0,0,0,0,0,0
ox---oxo-,0,0,124,0,40,0,0,0,0
-ooxoo-xx,0,0,0,0,0,0,26,0,0
ox-x-oo--,0,0,0,0,92,0,0,122,0
oo--x--xo,0,0,111,68,0,103,94,0,0
---xox-oo,2,0,0,0,0,0,23,0,0
-o--xxo-o,89,0,72,22,0,0,0,183,0
-xo-o----,114,0,0,158,0,0,582,291,304
xxo-oo---,0,0,0,38,0,0,39,0,0
ox-o-x-o-,0,0,82,0,0,0,0,0,26
ooxxxo-o-,0,0,0,0,0,0,29,0,0
-o--xo-ox,24,0,348,181,0,0,122,0,0
-xox-o-o-,45,0,0,0,0,0,34,0,0
x-ox---oo,0,73,0,0,82,172,13,0,0
oox--o--x,0,0,0,0,162,0,318,104,0
-x--ooo-x,29,0,11,0,0,0,0,0,0
o-xox---o,0,109,0,0,0,105,16,245,0
oo--x-ox-,0,0,0,123,0,35,0,0,0
o-o---oxx,0,24,0,0,24,0,0,0,0
xox-xooo-,0,0,0,0,0,0,0,0,30
-x-xo--oo,170,0,116,0,0,0,41,0,0
--xx-oo-o,7,31,0,0,0,0,0,0,0
x--oo-ox-,0,21,0,0,0,0,0,0,0
x-xoo-oxo,0,29,0,0,0,0,0,0,0
--ox-oox-,0,17,0,0,14,0,0,0,0
ox-ox--o-,0,0,111,0,0,0,74,0,0
--xoox--o,25,125,0,0,0,0,0,0,0
o-o-ox-x-,0,0,0,0,0,0,118,0,84
o-o-o-xx-,0,65,0,25,0,76,0,0,16
ox---oo-x,0,0,0,0,65,0,0,22,0
-ooo-x-x-,0,0,0,0,0,0,23,0,28
o-o--x-ox,0,0,0,58,1,0,0,0,0
--ooxx--o,0,200,0,0,0,0,0,136,0
--x-ox-oo,107,16,0,0,0,0,0,0,0
---xo-oox,0,0,11,0,0,69,0,0,0
o-xx--oo-,0,0,0,0,46,103,0,0,89
-oxoo-x--,0,0,0,0,0,63,0,48,156
xox----oo,0,0,0,53,158,0,342,0,0
oo---xx-o,0,0,128,71,82,0,0,0,0
---oxxoo-,148,0,28,0,0,0,0,0,190
-xooo-x--,0,0,0,0,0,0,0,107,117
xooo-x---,0,0,0,0,244,0,0,0,95
-x-o-o-ox,112,0,77,0,41,0,0,0,0
o-ox-o-x-,0,15,0,0,30,0,68,0,142
--oxoxxoo,36,0,0,0,0,0,0,0,0
-x-x-o-oo,153,0,79,0,0,0,28,0,0
o--o-xx-o,0,0,61,0,153,0,0,0,0
o-ox-o--x,0,0,0,0,0,0,99,38,0
xxo----oo,0,0,0,124,0,0,40,0,0
--x-o-oxo,137,271,0,0,0,0,0,0,0
x--o-x-oo,0,65,27,0,0,0,0,0,0
xo--oo-x-,0,0,0,96,0,0,280,0,23
oo-xo--x-,0,0,0,0,0,0,83,0,55
oxo-o---x,0,0,0,0,0,0,151,186,0
xo---xo-o,0,0,0,27,31,0,0,0,0
-xo---xoo,11,0,0,14,0,0,0,0,0
--oxo--ox,18,0,0,0,0,0,91,0,0
-xoo---ox,176,0,0,0,50,0,0,0,0
ox--oo-x-,0,0,0,0,0,0,40,0,56
x--oo--xo,0,24,77,0,0,0,0,0,0
-x-o-xo-o,40,0,55,0,94,0,0,28,0
---oo-oxx,0,0,57,0,0,13,0,0,0
o-xx--o-o,0,0,0,0,23,31,0,0,0
-xo--oxo-,54,0,0,29,0,0,0,0,0
xo-o--x-o,0,0,159,0,106,0,0,0,0
---xoxoo-,0,0,33,0,0,0,0,0,54
-oox-o-x-,128,0,0,0,0,0,161,0,19
ooxxxo--o,0,0,0,0,0,0,38,0,0
oo----xxo,0,0,72,0,118,0,0,0,0
o-o-x--ox,0,0,0,107,0,20,0,0,0
---oxxo-o,0,25,0,0,0,0,0,90,0
x---ooo-x,0,34,53,0,0,0,0,0,0
oox-x-o--,0,0,0,108,0,249,0,0,40
oo---x-xo,0,0,0,59,36,0,0,0,0
--x-xooo-,215,41,0,0,0,0,0,0,144
xo---oox-,0,0,0,0,97,0,0,0,71
-xo-oo-x-,0,0,0,0,0,0,77,0,31
o----oxox,0,0,90,0,173,0,0,0,0
x-ooo-x--,0,0,0,0,0,0,0,24,0
x--x-oo-o,0,49,22,0,0,0,0,0,0
-ooxxoxo-,27,0,0,0,0,0,0,0,0
-xoo-x--o,0,0,0,0,48,0,0,5,0
--oxxoo--,89,113,0,0,0,0,0,23,117
---ooxxo-,0,0,12,0,0,0,0,0,74
xox-o---o,0,0,0,15,0,0,24,0,0
--x--ooxo,136,194,0,0,126,0,0,0,0
o-x-o-ox-,0,0,0,0,0,44,0,0,38
oxox---o-,0,0,0,0,171,141,0,0,0
----oxxoo,85,0,0,40,0,0,0,0,0
-ox--xo-o,0,0,0,55,17,0,0,0,0
xo--ox--o,0,0,0,138,0,0,24,0,0
o-o--xxo-,0,0,0,14,49,0,0,0,0
x-o--xo-o,0,0,0,64,79,0,0,0,0
o--xxo-o-,0,0,79,0,0,0,114,0,0
o--xox-o-,0,0,81,0,0,0,0,0,47
o-x--oox-,0,29,0,0,40,0,0,0,0
x-o-o--xo,0,0,0,12,0,0,14,0,0
-o-xox--o,55,0,0,0,0,0,39,0,0
-ooxox---,48,0,0,0,0,0,140,0,0
-xox--oo-,0,0,0,0,35,31,0,0,0
--xxo-oo-,118,70,0,0,0,32,0,0,29
ox--oxo--,0,0,13,0,0,0,0,0,111
o---xoox-,0,13,37,111,0,0,0,0,46
xxo---o-o,0,0,0,0,4,0,0,129,0
o-o-x-xo-,0,0,0,39,0,80,0,0,0
-oox--ox-,0,0,0,0,100,39,0,0,0
o--xo--ox,0,0,29,0,0,47,0,0,0
-o-x-o-xo,24,0,0,0,0,0,66,0,0
x-o-o--ox,0,0,0,24,0,0,28,0,0
o--o-x-xo,0,94,0,0,17,0,0,0,0
-xox-oo--,0,0,0,0,0,0,0,43,0
-o-o-xx-o,0,0,116,0,122,0,0,0,0
-o---xoxo,0,0,0,98,160,0,0,0,0
o-ox---ox,0,0,0,0,69,77,0,0,0
o-xx-o-o-,0,0,0,0,116,0,82,0,0
--xx-ooo-,125,74,0,0,0,0,0,0,0
xxoox-o-o,0,0,0,0,0,0,0,23,0
--x-oo-ox,56,47,0,0,0,0,0,0,0
o----ooxx,0,68,0,0,54,0,0,0,0
x--oo-xo-,0,12,47,0,0,0,0,0,0
---ooxox-,0,0,58,0,0,0,0,0,50
-xo-x--oo,0,0,0,6,0,23,0,0,0
-x-o-x-oo,12,0,21,0,0,0,0,0,0
-x--oo-ox,37,0,0,0,0,0,0,0,0
o-ox---xo,0,6,0,0,121,98,0,0,0
x-ox--o-o,0,0,0,0,72,41,0,0,0
o-o-oxx--,0,0,0,0,0,0,0,20,16
-ooo-xx--,0,0,0,0,0,0,0,4,120
o-xxo--o-,0,0,0,0,0,43,0,0,20
x-o---oxo,0,75,0,0,23,0,0,0,0
-xoo-ox--,0,0,0,0,25,0,0,124,32
oo-xo-x--,0,0,0,0,0,0,0,83,88
x-o-oo-x-,0,0,0,21,0,0,35,0,18
---xoo-xo,4,0,0,0,0,0,68,0,0
---oxx-oo,0,0,53,0,0,0,101,0,0
x-ooo---x,0,0,0,0,0,0,27,31,0
xo---o-xo,0,0,0,67,0,0,137,0,0
-o--x-oxo,0,0,0,144,0,16,0,0,0
---x-ooox,123,0,0,0,83,0,0,0,0
x-o-oo--x,0,0,0,53,0,0,187,60,0
---oo-xox,0,0,24,0,0,57,0,0,0
-x-oo-ox-,50,0,52,0,0,0,0,0,0
o-x-oo--x,0,0,0,0,0,0,94,41,0
-xo--xoo-,0,0,0,87,65,0,0,0,0
xo--x-o-o,0,0,0,115,0,128,0,0,0
--oo--xxo,0,23,0,0,133,0,0,0,0
xoo-ox---,0,0,0,28,0,0,49,0,0
xoo----xo,0,0,0,0,0,0,8,0,0
ox-oo-x--,0,0,0,0,0,0,0,31,129
xxoo---o-,0,0,0,0,133,0,0,0,91
xxo-o---o,0,0,0,156,0,0,20,0,0
--xoo--xo,28,30,0,0,0,0,0,0,0
oxox-o---,0,0,0,0,50,0,0,47,0
ox--o-o-x,0,0,128,0,0,107,0,0,0
-oo---oxx,187,0,0,0,135,0,0,0,0
-x-oo-x-o,37,0,35,0,0,0,0,0,0
oxo---x-o,0,0,0,0,45,0,0,31,0
-x-x-ooo-,31,0,96,0,0,0,0,0,0
-oo-ox-x-,0,0,0,0,0,0,52,0,20
-x-oo--xo,71,0,16,0,0,0,0,0,0
oo-x-o--x,0,0,0,0,0,0,96,0,0
o-x---oxo,0,8,0,0,0,0,0,0,0
--x-ooo-x,0,141,0,0,0,0,0,0,0
-xoo--x-o,0,0,0,0,24,0,0,74,0
o-o-ox--x,0,0,0,0,0,0,0,72,0
-ox-o-x-o,25,0,0,24,0,0,0,0,0
-o-o-xox-,0,0,61,0,0,0,0,0,17
-oo---xxo,0,0,0,71,0,0,0,0,0
x-ooo--x-,0,0,0,0,0,0,21,0,31
--oxox-o-,20,0,0,0,0,0,81,0,0
--xo-xo-o,0,39,0,0,0,0,0,0,0
o-oxxo---,0,48,0,0,0,0,0,22,0
---xxoo-o,0,40,0,0,0,0,0,24,0
o---o-xox,0,0,81,0,0,27,0,0,0
x-oox---o,0,25,0,0,0,0,0,21,0
