----o----,1070910255,588123516,843564424,739571919,0,592183446,923937625,617903551,874108281
---oo--x-,89990,63034,253762,0,0,725096,581830,0,962861
-o-oox-x-,0,0,9415,0,0,0,8797,0,20744
oo-oox-xx,0,0,375,0,0,0,349,0,0
------o--,2004276370,1810767833,1713855189,877699371,2645717419,1493614753,0,740806478,2257269639
----x-o-o,276399,991368,305657,826761,0,993162,0,1318597,0
---ox-oxo,8920,183,4568,0,0,2612,0,0,0
x--oxooxo,0,372,0,0,0,0,0,0,0
-----o---,3170374207,2548717221,2677159862,1027259826,4269632180,0,3414090472,2523079128,2612885278
--o--ox--,2058226,331130,0,739981,665137,0,0,1093507,2335636
--ox-oxo-,182,4327,0,0,5280,0,0,0,8142
--o------,1931364442,785581541,0,1536422393,2709908354,734082876,1619220018,2090529032,2174040802
xoo--ox--,0,0,0,168,12205,0,0,12968,30147
xoo-oox-x,0,0,0,349,0,0,0,357,0
-------o-,3062591079,884236876,3263090471,2192359254,3967939135,1861351937,2515413913,0,2616978246
o---x--o-,0,302506,2090250,1581475,0,2377471,1695778,0,796992
o--xx--oo,0,4027,14471,0,0,153,16908,0,0
-o---xo--,574592,0,916683,1129844,1996393,0,0,173088,2041024
-o---xoox,12357,0,173,11515,27666,0,0,0,0
oo-x-xoox,0,0,348,0,367,0,0,0,0
---o-xo--,730060,199636,1054402,0,397802,0,0,67380,1268408
x--o-xo-o,0,4272,4706,0,0,0,0,0,0
xx-ooxo-o,0,0,354,0,0,0,0,0,0
-o-------,2719485834,0,2607546320,2156643841,3889043612,1885083143,3382180314,1109819963,3055528933
-oxo-----,1077843,0,0,0,3077435,1127124,2206686,773515,2664234
ooxo---x-,0,0,0,0,11160,4349,17908,0,12053
ooxoxo-x-,0,0,0,0,0,0,388,0,0
xoxo--o--,0,0,0,0,9963,9130,0,0,18429
xoxoo-o-x,0,0,0,0,0,371,0,0,0
o-----ox-,0,255504,50710,539981,919534,231305,0,0,47646
oxo---ox-,0,0,0,10213,172,5021,0,0,2851
-o--x--o-,3149165,0,2934919,3072969,0,2398383,2819993,0,3197598
xo-ox--o-,0,0,20484,0,0,6693,20704,0,146
xoxoxo-o-,0,0,0,0,0,0,340,0,394
oxo------,0,0,0,470443,1393803,451620,668022,1399254,504590
oxo-x---o,0,0,0,13567,0,21581,3768,171,0
oxooxx--o,0,0,0,0,0,0,0,332,0
--------o,1645678812,1665289640,2005360287,1628979747,2641133783,815958244,1939740428,784721890,0
x--o----o,0,1142295,1101167,0,659732,113951,421073,485606,0
x-xoo---o,0,159,0,0,0,6835,4298,4039,0
---o-----,2572923138,2409382110,3289472665,0,4262442698,892927462,2954161714,2552333435,3239496143
---ox-o--,2601726,2471825,857080,0,0,402607,0,1209841,1437948
---oxoox-,17196,186,4164,0,0,0,0,0,11914
--ooxooxx,354,356,0,0,0,0,0,0,0
-oox-----,2161402,0,0,0,1939808,554115,1102676,183699,604575
-oox-xo--,9899,0,0,0,163,0,0,3813,4061
-xo----o-,327637,0,0,213793,322203,83576,67631,0,151905
xxo---oo-,0,0,0,0,6129,0,0,0,8195
xxo--ooox,0,0,0,0,323,0,0,0,0
--xo---o-,2903705,1516811,0,0,3133346,1636067,1836297,0,2427737
-oxo--xo-,8890,0,0,0,172,13646,0,0,11369
xoxo-oxo-,0,0,0,0,347,0,0,0,0
o-xox--o-,0,8336,0,0,0,11236,189,0,13146
oxxoxo-o-,0,0,0,0,0,0,340,0,0
--o--o--x,2487768,666816,0,942752,2726378,0,2803096,2658076,0
-xo--oo-x,6735,0,0,0,20600,0,0,9651,0
oxo-xoo-x,0,0,0,0,0,0,0,359,0
-oo---x--,2284583,0,0,1127909,711607,243622,0,825015,2049503
-oox--x-o,178,0,0,0,10358,11908,0,3590,0
---ox--o-,2110467,860092,3319357,0,0,1121256,1768153,0,2693667
---oxo-ox,176,9054,17771,0,0,0,19262,0,0
-o-oxoxox,360,0,338,0,0,0,0,0,0
--o--o-x-,711343,1111240,0,332615,2125678,0,925729,0,2826806
-xo--oox-,3560,0,0,4633,174,0,0,0,9238
---oo---x,343178,243408,1175533,0,0,1191069,761356,947300,0
xo-oo---x,0,0,4738,0,0,5557,5209,5728,0
xoooo-x-x,0,0,0,0,0,0,0,383,0
o--------,0,883521594,1977018983,761569127,2643951513,1531534903,2022527209,1603354256,1514559991
o-x--o---,0,603252,0,112501,1301516,0,1516535,623065,427293
o-x--oxo-,0,8570,0,5694,192,0,0,0,7136
x-xoox-oo,0,339,0,0,0,0,0,0,0
--x--o-o-,3301889,1563418,0,675784,2298374,0,2258628,0,947252
--xxoo-o-,11911,7688,0,0,0,0,3283,0,0
x-xxoooo-,0,400,0,0,0,0,0,0,0
oo--x----,0,0,2528448,1039051,0,1709635,1076127,488407,847110
oo--xx-o-,0,0,25496,196,0,0,11345,0,12283
oox-xx-oo,0,0,0,344,0,0,386,0,0
--oo----x,1134925,620611,0,0,2449176,237077,1207125,2470821,0
-ooo---xx,17664,0,0,0,12026,2718,180,0,0
xooo-o-xx,0,0,0,0,363,0,345,0,0
o----o-x-,0,1166205,734711,185873,2466993,0,1906432,0,1304875
o---xo-xo,0,165,19656,6556,0,0,12382,0,0
o--xxooxo,0,359,0,0,0,0,0,0,0
o--o----x,0,416627,1609865,0,850657,815772,1904684,900552,0
oxoo----x,0,0,0,0,4738,0,9248,17985,0
oxooo--xx,0,0,0,0,0,0,387,0,0
xoo------,0,0,0,2292396,2731968,760137,2382025,779679,2013612
xoo-x--o-,0,0,0,27910,0,19138,20913,0,176
-o---x--o,395560,0,463879,1103977,1605091,0,672770,90869,0
oo---x-xo,0,0,0,2958,3459,0,0,0,0
oo-x-xoxo,0,0,0,0,355,0,0,0,0
--o----ox,1651500,244402,0,684701,1210644,675675,536070,0,0
x-o--o-ox,0,8635,0,17967,200,0,20226,0,0
x-oo-oxox,0,0,0,0,396,0,0,0,0
xo-----o-,0,0,881498,1797829,3002704,653818,2152896,0,1355985
xo-o-x-o-,0,0,3115,0,6424,0,0,0,11872
xoxo-xoo-,0,0,0,0,0,0,0,0,361
-x-o-o---,1639954,0,2024975,0,3424782,0,597728,1080829,752533
xx-o-oo--,0,0,165,0,24893,0,0,13808,13414
xx-o-ooox,0,0,355,0,297,0,0,0,0
---o--ox-,1060928,929480,251370,0,939374,49574,0,0,577072
---o-ooxx,9845,4551,0,0,15461,0,0,0,0
-o-oxooxx,394,0,0,0,0,0,0,0,0
-o---ox--,3052217,0,1656652,1736697,3326124,0,0,1954273,2766224
-o---oxox,11396,0,7544,3714,21423,0,0,0,0
-oo-xoxox,357,0,0,0,0,0,0,0,0
x----o-o-,0,1254153,2899277,1444593,2698958,0,2991790,0,1725110
x-o-ooxox,0,0,0,376,0,0,0,0,0
---x-o-o-,1360896,376434,672234,0,851421,0,1322048,0,521196
o--xxo-o-,0,0,10476,0,0,0,7595,0,0
ooxxxo-o-,0,0,0,0,0,0,353,0,0
o----ox--,0,638728,1475670,293359,2387255,0,0,1969465,1325741
o---xox-o,0,16089,201,10168,0,0,0,10789,0
-oo-x----,2594194,0,0,1602155,0,1121109,667841,280290,1388218
-ooxx-o--,17913,0,0,0,0,171,0,5048,15732
o-x--ox-o,0,7955,0,7376,177,0,0,9340,0
oox--oxxo,0,0,0,0,376,0,0,0,0
o--o--x--,0,1065308,2448338,0,2492234,1054907,0,2493002,2184669
o--ox-x-o,0,16135,177,0,0,9882,0,16276,0
oxoox-x-o,0,0,0,0,0,0,0,359,0
----o-xo-,951313,482565,263806,468354,0,41178,0,0,49875
---xooxo-,183,9475,2998,0,0,0,0,0,3560
-xoxooxo-,359,0,0,0,0,0,0,0,0
-o--x---o,469047,0,1424908,2377070,0,1184105,1822304,248131,0
xoo-x---o,0,0,0,11954,0,9384,4913,0,0
xoo-xxo-o,0,0,0,374,0,0,0,0,0
o--x--o--,0,413697,399054,0,1435315,1200580,0,462950,392246
o--xoxo--,0,0,10218,0,0,0,0,0,7295
oo-xoxo-x,0,0,355,0,0,0,0,0,0
--x-o-o--,1373807,1311135,0,227486,0,1196277,0,237150,1224295
--xooxo--,17325,15095,0,0,0,0,0,4540,158
-oxooxox-,0,0,0,0,0,0,0,0,344
--o-xo---,1421858,1205085,0,428449,0,0,804873,2156003,2676042
--o-xo-ox,164,9409,0,9872,0,0,9575,0,0
x--oo-x-o,0,3682,5201,0,0,0,0,0,0
x-xoo-xoo,0,366,0,0,0,0,0,0,0
-o-oxox--,19420,0,181,0,0,0,0,17183,30599
xo-oxoxo-,0,0,341,0,0,0,0,0,364
---o---ox,2507077,736384,2685941,0,2440799,1338166,937437,0,0
--xo--oox,26421,14062,0,0,12938,176,0,0,0
x-xoo-oox,0,359,0,0,0,362,0,0,0
o-x----o-,0,288167,0,543804,2546061,2016217,1145677,0,1555881
o-x-x-oo-,0,0,0,4904,0,7797,0,0,7324
ooxxx-oo-,0,0,0,0,0,388,0,0,0
o----x--o,0,369556,468791,443178,1710261,0,554704,377912,0
oo-x-x--o,0,0,6411,0,175,0,4391,4629,0
o-x--o-xo,0,8751,0,0,16574,0,9644,0,0
o-xo-oxxo,0,0,0,0,336,0,0,0,0
oxo--o--x,0,0,0,0,8181,0,8425,19629,0
oxooxo--x,0,0,0,0,0,0,0,377,0
o-o----x-,0,1438020,0,249911,899157,302480,1000421,0,1036916
o-o-o--xx,0,10389,0,6063,0,3572,197,0,0
-oo-xx-o-,17211,0,0,186,0,0,4391,0,13094
xoo-xx-oo,0,0,0,377,0,0,0,0,0
--xo--o--,1973164,970882,0,0,808070,832697,0,253784,1924158
-oxox-o--,12390,0,0,0,0,4321,0,0,11791
-oxox-oox,369,0,0,0,0,372,0,0,0
-oo--x---,823007,0,0,711740,941287,0,239224,59194,474157
-oox-x--o,16030,0,0,0,178,0,12224,2365,0
o-x-oox--,0,0,0,0,0,0,0,2714,5031
oox-oox-x,0,0,0,0,0,0,0,358,0
x--ox-o-o,0,15294,3045,0,0,0,0,10907,0
xxoox-o-o,0,0,0,0,0,0,0,359,0
-ox---o--,501106,0,0,329508,1098468,1077330,0,89372,1652082
-ox-o-ox-,0,0,0,0,0,8421,0,0,9765
-oxoo-oxx,0,0,0,0,0,368,0,0,0
-x-o--o--,2066173,0,898095,0,2394983,322206,0,893011,744313
----xoo--,2605232,2625998,863798,315800,0,0,0,1454045,1686874
x-o-xoo--,0,12573,0,8337,0,0,0,13421,198
xxooxoo--,0,0,0,0,0,0,0,360,357
-o--x-oox,190,0,20930,18192,0,28933,0,0,0
-o-x----o,957519,0,747156,0,2149512,930884,2346658,272225,0
oo-xx---o,0,0,18584,0,0,167,15112,3522,0
--o---o-x,746001,577434,0,478203,1688204,507035,0,476178,0
o-o---oxx,0,3716,0,0,3807,0,0,0,0
oxo--ooxx,0,0,0,0,347,0,0,0,0
-oo----x-,856852,0,0,158574,283140,27332,968347,0,898864
-oox---xo,4268,0,0,0,3431,4287,4416,0,0
-oox-xoxo,0,0,0,0,329,0,0,0,0
---oxo---,3291328,3076784,3437310,0,0,0,3484622,3159048,3190262
-oxoxo---,21213,0,0,0,0,0,213,6586,18658
x--o--o--,0,2396350,2195427,0,2509418,764515,0,836205,2650846
x--oxoo--,0,29986,18743,0,0,0,0,16405,187
xoxoxoo--,0,0,0,0,0,0,0,0,389
o--oo--xx,0,4736,9081,0,0,13948,193,0,0
-oo-xo--x,165,0,0,10860,0,0,14254,13886,0
----oox--,1262428,321413,234200,1274592,0,0,0,1041522,824789
x---oox-o,0,7590,16489,198,0,0,0,5617,0
--o--x-o-,593815,89970,0,1160536,1245517,0,458761,0,455869
-oox-x-o-,10602,0,0,0,175,0,7443,0,4179
-ox-xo--o,7006,0,0,10945,0,0,188,9237,0
-oxxxo-oo,0,0,0,0,0,0,370,0,0
--xoxo-o-,25200,18810,0,0,0,0,189,0,19677
-xxoxo-oo,387,0,0,0,0,0,364,0,0
-----xoo-,604797,308405,1126883,751208,1738610,0,0,0,2294645
oo--xxoox,0,0,371,352,0,0,0,0,0
x-oo-----,0,426926,0,0,1521554,164792,476624,656268,1421182
x-oo-ox--,0,0,0,0,9791,0,0,3129,13513
xoooxox--,0,0,0,0,0,0,0,0,370
-o-ox----,1798868,0,2880251,0,0,1043906,2688591,747428,2964248
x-x--o-oo,0,186,0,11484,12490,0,28096,0,0
x-xoxo-oo,0,346,0,0,0,0,352,0,0
----x-oo-,1580999,405073,828017,1302132,0,1582522,0,0,2611725
x--ox-oo-,0,12483,12488,0,0,6396,0,0,179
--o-x---o,276645,792686,0,995047,0,1330673,368319,874717,0
-oo-x--xo,0,0,0,4569,0,4736,0,0,0
-ooxx-oxo,0,0,0,0,0,371,0,0,0
-oxox--o-,22852,0,0,0,0,16613,184,0,29612
xoxox--oo,0,0,0,0,0,0,374,0,0
ox-oo--x-,0,0,0,0,0,0,4892,0,5301
oxooo-xx-,0,0,0,0,0,0,0,0,354
----xo--o,519604,1801376,2589083,368500,0,0,1331297,1109048,0
---xxoo-o,0,2965,0,0,0,0,0,4609,0
o-x-----o,0,535775,0,453120,1542096,369540,645625,462301,0
o-xo---xo,0,4666,0,0,11811,0,9948,0,0
ooxox--xo,0,0,0,0,0,0,356,0,0
o---o-x--,0,76417,328143,120161,0,514463,0,746785,988716
o--xoox--,0,0,0,0,0,0,0,10639,8478
o-oxoox-x,0,0,0,0,0,0,0,370,0
-o-x-oxo-,194,0,10470,0,17616,0,0,0,4274
x-o---o--,0,537587,0,335365,1589161,471155,0,550079,781253
x-ooxoox-,0,376,0,0,0,0,0,0,328
-oo--x-ox,7884,0,0,4252,15847,0,0,0,0
-oox-xoox,0,0,0,0,364,0,0,0,0
--oxo----,639243,88859,0,0,0,101091,1080240,354206,510450
--oxoox--,163,4979,0,0,0,0,0,13835,17130
---x--o-o,71626,261749,71062,0,898430,314183,0,480655,0
o--xx-o-o,0,11412,4277,0,0,179,0,18607,0
oxoxx-o-o,0,0,0,0,0,333,0,346,0
xo-x-o-o-,0,0,4646,0,18191,0,184,0,12568
--xo-o---,1987757,2196270,0,0,3199949,0,1312807,657094,882410
oxxo-o---,0,0,0,0,10568,0,8714,5015,0
oxxoxo--o,0,0,0,0,0,0,330,370,0
----oxo--,265857,341437,1271023,107849,0,0,0,70047,558055
-o--oxo-x,4963,0,165,2693,0,0,0,9794,0
--oo--oxx,7809,4577,0,0,15805,0,0,0,0
xooo--oxx,0,0,0,0,342,0,0,0,0
o-----xo-,0,163307,1286717,523397,1876028,552713,0,0,437079
oox---xo-,0,0,0,8164,181,11659,0,0,13322
--o-o--x-,402470,86321,0,406655,0,94575,983234,0,644453
-ooxo--x-,8146,0,0,0,0,0,11362,0,4389
-ooxo-xxo,351,0,0,0,0,0,0,0,0
--x--o--o,2560594,2453168,0,836705,2429551,0,2407252,926402,0
--xxoo--o,18095,9185,0,0,0,0,7907,0,0
--xxooxoo,346,0,0,0,0,0,0,0,0
ox---oxo-,0,0,9251,0,8025,0,0,0,0
ox-oxoxo-,0,0,348,0,0,0,0,0,0
xo--o----,0,0,87648,423552,0,46039,1095109,529384,342259
xox-oo---,0,0,0,5935,0,0,5574,0,0
xoxxoo--o,0,0,0,0,0,0,392,0,0
-oo-----x,2119604,0,0,613020,1368617,462844,1785308,947439,0
-oo-x-o-x,154,0,0,16962,0,11868,0,9565,0
-ooxx-oox,337,0,0,0,0,397,0,0,0
-----x-oo,160272,73504,344542,826455,1104092,0,719306,0,0
o-x--x-oo,0,0,0,5314,14326,0,4476,0,0
o-xo-xxoo,0,0,0,0,332,0,0,0,0
x-oo--ox-,0,9435,0,0,19047,0,0,0,8011
xxoo--oxo,0,0,0,0,339,0,0,0,0
o-o-----x,0,486010,0,109867,289197,60044,338326,920177,0
o-ox-o--x,0,0,0,0,0,0,4171,6108,0
oxox--o--,0,0,0,0,15814,8355,0,8344,0
oxox-xo-o,0,0,0,0,333,0,0,0,0
---o--xo-,979418,429587,1764347,0,1439438,495846,0,0,896302
o-xo--xo-,0,8549,0,0,200,16571,0,0,16752
ooxo--xox,0,0,0,0,310,359,0,0,0
oo-----x-,0,0,770331,64099,326661,239144,1043948,0,921813
oox----xo,0,0,0,0,7092,0,9169,0,0
o-----x-o,0,410366,558574,354525,1833933,530999,0,436464,0
oo-x--x-o,0,0,8923,0,13119,2597,0,0,0
ooxx--xoo,0,0,0,0,341,0,0,0,0
-xxo-oo--,180,0,0,0,11929,0,0,7064,2316
-o----xo-,2123716,0,1220534,2106378,2926310,682169,0,0,788532
-o-xxoxoo,376,0,349,0,0,0,0,0,0
-oo-xx--o,9108,0,0,175,0,0,4172,5363,0
-----oxo-,3032484,890487,2508707,1266989,2267371,0,0,0,1007744
--x--oxoo,28540,17824,0,18930,190,0,0,0,0
---oxoxo-,18203,8686,154,0,0,0,0,0,18400
x-ooxoxo-,0,0,0,0,0,0,0,0,369
-o-x--o--,603710,0,366207,0,1523701,1145944,0,88180,796374
-o-xxoo--,9447,0,0,0,0,0,0,0,7467
-ooxxoo-x,356,0,0,0,0,0,0,0,0
o---x-o--,0,866445,291847,1394232,0,985365,0,920596,286126
----xooxo,4525,196,9518,4217,0,0,0,0,0
--xoxooxo,0,361,0,0,0,0,0,0,0
x--oo----,0,425995,942269,0,0,467453,73049,125788,353059
xx-oo---o,0,0,181,0,0,8026,4660,4011,0
-o----ox-,159609,0,60706,90847,327964,203928,0,0,388085
-o--oxox-,0,0,8079,0,0,0,0,0,9217
-o-ooxoxx,0,0,370,0,0,0,0,0,0
-xo-----o,96540,0,0,185234,827971,483517,59076,448241,0
-xo---oxo,4597,0,0,4831,192,8325,0,0,0
x--ooxo--,0,8031,16425,0,0,0,0,0,7183
---xo--o-,967299,565674,250743,0,0,49343,363043,0,47267
-x-xo--oo,12911,0,4815,0,0,0,11528,0,0
xx-xoo-oo,0,0,371,0,0,0,338,0,0
o-xo-----,0,304359,0,0,1230719,1016788,2279997,686693,1781213
o-xo-ox--,0,11831,0,0,172,0,0,15834,10348
o--x---o-,0,100392,836388,0,1522315,944368,369766,0,452429
o--x-x-oo,0,4110,3319,0,177,0,7537,0,0
-o----o-x,1624930,0,1705574,950739,2568591,1999121,0,379002,0
-oo---oxx,9543,0,0,0,7485,0,0,0,0
xoo--ooxx,0,0,0,0,364,0,0,0,0
ox-o-----,0,0,290605,0,1036179,57475,757069,994555,462112
oxoo--x--,0,0,0,0,8175,0,0,21524,7989
-ox--ox-o,17758,0,0,18431,182,0,0,6965,0
o---ox---,0,103727,578785,117093,0,0,320904,320788,1070380
oo--ox--x,0,0,175,2931,0,0,9864,15556,0
ox------o,0,0,468791,298255,1865479,377604,472303,565599,0
oxo----xo,0,0,0,2321,173,8532,3321,0,0
oxoo--xxo,0,0,0,0,408,0,0,0,0
--ox---o-,2688285,268848,0,0,2146829,1053734,1040607,0,776023
-xox--oo-,0,0,0,0,4684,6774,0,0,0
oxoxx-oo-,0,0,0,0,0,376,0,0,0
x--oo-ox-,0,6438,2132,0,0,0,0,0,0
x-xoo-oxo,0,357,0,0,0,0,0,0,0
--oox-o-x,185,14222,0,0,0,9776,0,12774,0
-xooxoo-x,344,0,0,0,0,0,0,378,0
oox------,0,0,0,854092,2776383,2157237,2466114,733300,2115431
oox--x-o-,0,0,0,9626,26570,0,14205,0,188
----xoxoo,16021,10095,199,12652,0,0,0,0,0
x---o---o,0,948162,1276287,1443112,0,183520,1273207,223739,0
x-x-o-o-o,0,164,0,3827,0,3375,0,10970,0
--o---xo-,1463251,113270,0,1163509,595839,418656,0,0,453450
-oo--xxo-,5035,0,0,8363,4236,0,0,0,0
-oo-xxxoo,0,0,0,355,0,0,0,0,0
-o-xx-oo-,16326,0,3163,0,0,186,0,0,23034
x----o--o,0,748466,2465564,1100959,716861,0,2038728,194808,0
x-xo-o--o,0,175,0,0,16698,0,13413,3093,0
x-xo-oxoo,0,327,0,0,364,0,0,0,0
-oxoxoo-x,376,0,0,0,0,0,0,0,0
ooxo--x--,0,0,0,0,149,16839,0,17723,25380
ooxo-xx-o,0,0,0,0,367,0,0,0,0
--oox----,1603796,1402064,0,0,0,290284,699962,2433491,2636468
o-oox-x--,0,7118,0,0,0,0,0,14313,5641
o-ooxoxx-,0,335,0,0,0,0,0,0,358
-o-o--x--,991997,0,2338735,0,2861955,753924,0,1424108,2606041
-o-ox-x-o,11238,0,163,0,0,8189,0,7767,0
-o-oxxxoo,0,0,356,0,0,0,0,0,0
xo-o-----,0,0,890463,0,1618696,365695,893165,493105,1688201
xo-o--o-x,0,0,19688,0,186,17113,0,8976,0
xoxo-oo-x,0,0,0,0,374,0,0,0,0
--xo-ox-o,12844,12099,0,0,181,0,0,9249,0
-xxo-oxoo,364,0,0,0,364,0,0,0,0
-xo-o----,91036,0,0,113246,0,0,269909,125965,115691
oxo-o--x-,0,0,0,0,0,0,8624,0,9338
oxo-oo-xx,0,0,0,0,0,0,356,0,0
--o-xoo-x,170,17916,0,7327,0,0,0,21573,0
-oxx-o-o-,3914,0,0,0,9012,0,15099,0,0
x-xo-o-o-,0,178,0,0,32069,0,8413,0,17346
xoo-xo---,0,0,0,11842,0,0,17652,8787,201
xooxxo-o-,0,0,0,0,0,0,377,0,364
------oxo,409851,1490027,487673,424951,1249517,392581,0,0,0
--o-x-oxo,3088,165,0,13448,0,17747,0,0,0
o------xo,0,648172,393124,447287,1380090,342202,494877,0,0
oox-xo-xo,0,0,0,0,0,0,325,0,0
-oo--o-xx,16211,0,0,4649,13596,0,187,0,0
--x---oo-,1814096,936173,0,284328,824248,1334062,0,0,2202910
-xxo--oo-,205,0,0,0,4471,7785,0,0,12710
x--xoo--o,0,10937,19887,0,0,0,179,4632,0
x-xxoo-oo,0,345,0,0,0,0,363,0,0
xx-o-o--o,0,0,186,0,14191,0,4374,6734,0
-ox-o----,48595,0,0,49744,0,382074,384838,431928,792521
oox-o---x,0,0,0,6552,0,188,15784,16985,0
oox-x---o,0,0,0,16342,0,16866,170,8114,0
--oxoo--x,8739,0,0,0,0,0,19024,8954,0
x-oo--xo-,0,0,0,0,12485,0,0,0,8935
--o--xoxo,0,8028,0,8845,17887,0,0,0,0
o-ox-xoxo,0,0,0,0,357,0,0,0,0
--xo----o,1139236,2493088,0,0,2164918,230406,1475506,636601,0
-oxox---o,7946,0,0,0,0,9621,179,9346,0
o--x----o,0,267432,456788,0,1489357,525008,415972,498001,0
o--x--xoo,0,0,7906,0,17045,7056,0,0,0
oo-xx-xoo,0,0,334,0,0,369,0,0,0
-o-ooxx--,0,0,3265,0,0,0,0,6805,15513
oo-ooxx-x,0,0,391,0,0,0,0,360,0
o----x-o-,0,186764,2084567,990305,2098360,0,796494,0,960773
o-o-xx-o-,0,9474,0,168,0,0,4769,0,4526
o-o-xxxoo,0,0,0,389,0,0,0,0,0
---x---oo,961741,306516,715860,0,1877731,791572,2628822,0,0
oxox-x-oo,0,0,0,0,355,0,0,0,0
-oo--x-xo,0,0,0,3430,4960,0,0,0,0
------xoo,2544798,938055,2426809,2270766,2632644,805564,0,0,0
-ox---xoo,12243,0,0,12200,165,6413,0,0,0
o---xo---,0,1421164,1604008,260348,0,0,2433081,2882861,835288
o--oxox--,0,14534,186,0,0,0,0,29107,20048
ox-oxox-o,0,0,366,0,0,0,0,342,0
-x----o-o,913731,0,844691,277180,1062957,294654,0,1653052,0
x---xooo-,0,17694,17076,9453,0,0,0,0,191
xx-oxooo-,0,0,347,0,0,0,0,0,392
x-o-o----,0,108577,0,655864,0,90403,1439024,389130,290484
x-o-o-x-o,0,4403,0,202,0,8593,0,3863,0
---o-x-o-,612279,467693,1655431,0,943459,0,471615,0,1390906
---o-xxoo,0,0,6376,0,5783,0,0,0,0
o--oo-x-x,0,5333,16236,0,0,16351,0,199,0
ooxoo-x-x,0,0,0,0,0,360,0,383,0
----o-o-x,277541,329877,1374764,94867,0,569550,0,99616,0
----oxoox,3358,9421,173,2485,0,0,0,0,0
-o-----ox,1273237,0,1593223,627296,2909350,1852013,904059,0,0
-o-o--xox,6820,0,13617,0,13874,4469,0,0,0
-ooox-xox,351,0,0,0,0,0,0,0,0
o-o-xo-x-,0,176,0,3942,0,0,6227,0,13433
o-xoxo---,0,17811,0,0,0,0,174,14971,10500
xo--o-x-o,0,0,3495,184,0,6204,0,9897,0
xoo-oxx-o,0,0,0,375,0,0,0,0,0
o---x---o,0,1520685,1564473,1732080,0,1831781,1921679,1497035,0
ox--x-o-o,0,0,4998,13220,0,9192,0,192,0
-x-oxoo--,30051,0,13736,0,0,0,0,175,10477
oo---xox-,0,0,4664,4988,6104,0,0,0,5691
oo--oxoxx,0,0,376,0,0,0,0,0,0
o---x-oxo,0,213,3096,17785,0,13083,0,0,0
-o-o----x,1460440,0,2794883,0,2939422,1518587,2474495,1390888,0
-o-o-o-xx,14989,0,3713,0,16033,0,177,0,0
---o-x--o,78487,176508,300905,0,339812,0,169684,88014,0
x--oox--o,0,8126,8387,0,0,0,0,0,0
ooxo-xxo-,0,0,0,0,337,0,0,0,362
xoo--o--x,0,0,0,17270,174,0,24693,21031,0
--x-oo---,1086575,501447,0,494220,0,0,313402,89365,60551
x-x-ooo--,0,179,0,13931,0,0,0,4937,4261
xoox---o-,0,0,0,0,29324,13541,171,0,10416
xooxx--oo,0,0,0,0,0,311,315,0,0
x--o-o---,0,1799872,1955941,0,3057647,0,956307,587580,1200480
o--o---x-,0,1061608,808526,0,2334826,344763,2316248,0,767498
o-oo---xx,0,12381,0,0,8322,5492,188,0,0
-ooo--xx-,7325,0,0,0,3770,4489,0,0,175
--ox----o,727349,262302,0,0,1000846,1134756,842963,434164,0
-xox--o-o,0,0,0,0,8048,4382,0,4292,0
-o--xo---,2865280,0,1965267,743159,0,0,3241076,724339,2146844
-o--xo-ox,166,0,15501,9353,0,0,17421,0,0
--x-o--o-,1007712,1420971,0,289501,0,1044044,447496,0,753696
--xoox-o-,12097,18549,0,0,0,0,6973,0,159
-x---o-o-,1548483,0,1282705,494201,953146,0,676336,0,432541
-xo--oxo-,4275,0,0,4232,0,0,0,0,0
------oox,2521786,933636,2826051,742809,2750667,2247237,0,0,0
--x-o-oox,12535,17735,0,3533,0,184,0,0,0
-xxoo-oox,345,0,0,0,0,359,0,0,0
-oo---xox,11729,0,0,3760,7532,0,0,0,0
-----oo-x,1279084,602548,481234,149611,1396647,0,0,406852,0
xo---oo-x,0,0,10336,7402,171,0,0,9502,0
xxoo-o---,0,0,0,0,15659,0,0,2519,7880
-oxx--oo-,0,0,0,0,6103,5670,0,0,4758
ooxx-xoo-,0,0,0,0,355,0,0,0,342
--x-xooo-,16797,5397,0,0,0,0,0,0,8867
-xxoxooo-,372,0,0,0,0,0,0,0,0
---ox---o,474328,2547822,2781532,0,0,332450,1418747,1615795,0
x--oxo--o,0,12131,17249,0,0,0,8448,4227,0
o-x-o----,0,73930,0,114763,0,539105,313983,387787,1110968
o-x-o-o-x,0,3015,0,7600,0,191,0,4054,0
x--o---o-,0,1145230,2920700,0,2031778,557246,1031105,0,1977248
x-xo--oo-,0,176,0,0,11153,11271,0,0,26291
--o--xoox,7575,0,0,9592,18769,0,0,0,0
-oo-xxoox,364,0,0,359,0,0,0,0,0
-x---ooox,14074,0,7659,0,11893,0,0,0,0
-xxo-ooox,351,0,0,0,0,0,0,0,0
x-oox-oxo,0,347,0,0,0,0,0,0,0
-oxo--o-x,21042,0,0,0,16737,173,0,4028,0
x-o--o---,0,342688,0,1095101,1237349,0,2067286,693157,2145790
x-o--oox-,0,5543,0,0,14619,0,0,0,10059
---o--o-x,2597369,693067,2013907,0,1476202,1134891,0,418028,0
o----xo--,0,321933,844096,1566665,976606,0,0,314484,700775
o-x--xoo-,0,4149,0,16622,10899,0,0,0,200
oox-xxoo-,0,0,0,358,0,0,0,0,347
x--oxo-o-,0,19895,22928,0,0,0,17657,0,160
x-o-oo-x-,0,0,0,4051,0,0,8364,0,4374
xoo-oo-xx,0,0,0,0,0,0,344,0,0
-o-oxo--x,166,0,18634,0,0,0,28222,19537,0
o-ox--ox-,0,6291,0,0,12698,4462,0,0,0
o-oxxoox-,0,368,0,0,0,0,0,0,0
o--ox----,0,897008,1333930,0,0,387731,2292346,2235136,842787
o--oxo-x-,0,177,18299,0,0,0,31357,0,12052
----o-x-o,1266913,418781,309361,550933,0,49600,0,91172,0
---xo-xoo,187,7675,4212,0,0,3744,0,0,0
-xoxo-xoo,350,0,0,0,0,0,0,0,0
ox-ox---o,0,0,18678,0,0,2869,18369,170,0
x-x--ooo-,0,176,0,5430,16563,0,0,0,18542
-x-o----o,1232453,0,2164538,0,2071422,223194,595671,954305,0
-xxoo---o,145,0,0,0,0,9682,1695,4010,0
-xxooxo-o,362,0,0,0,0,0,0,0,0
oox-xo---,0,0,0,7477,0,0,198,11248,5855
o--x--oxo,0,8169,0,0,18816,9040,0,0,0
o-oxx-oxo,0,344,0,0,0,356,0,0,0
-o-x---o-,2070313,0,787125,0,3014114,1065775,2062804,0,855085
ooxx---o-,0,0,0,0,18166,12903,6006,0,2937
ooxx-oxo-,0,0,0,0,342,0,0,0,0
--oo--xox,10145,0,0,0,8894,0,0,0,0
oo--xx--o,0,0,21989,161,0,0,13443,3930,0
oo--xxxoo,0,0,358,346,0,0,0,0,0
o-xo-x-o-,0,4185,0,0,15114,0,18749,0,198
---o-o--x,1145561,669167,919519,0,3232331,0,1937566,2025248,0
--oo-o-xx,15488,11708,0,0,29143,0,182,0,0
o-ooxo-xx,0,367,0,0,0,0,365,0,0
-oo-xxo--,18693,0,0,168,0,0,0,5518,13194
-o-o--oxx,7086,0,4427,0,11273,5521,0,0,0
-xxo-o-o-,138,0,0,0,19542,0,15255,0,4819
-----o-ox,1841493,368121,1031351,419087,1424736,0,1050584,0,0
oo-x-----,0,0,936228,0,1241501,1018007,400150,68611,211471
ooxx----o,0,0,0,0,19386,8414,9096,0,0
ooxx-x-oo,0,0,0,0,346,0,0,0,0
-----oox-,664606,1534384,279411,101312,1393707,0,0,0,543431
--o-xoox-,14316,181,0,4198,0,0,0,0,15842
xoo-xoox-,0,0,0,0,0,0,0,0,354
--oxx--oo,6346,4237,0,0,0,182,16469,0,0
-ooxx-xoo,385,0,0,0,0,407,0,0,0
--o-oo-xx,3914,3834,0,9413,0,0,178,0,0
-oxoox---,3866,0,0,0,0,0,3184,8874,170
ooxoox-x-,0,0,0,0,0,0,0,0,372
x-o----o-,0,326235,0,2003124,2435205,569619,1238927,0,1273958
x-o--x-oo,0,0,0,8597,7063,0,7739,0,0
ox-o--x-o,0,0,10279,0,17721,0,0,8987,0
oxxo--xoo,0,0,0,0,372,0,0,0,0
x---o-o--,0,568224,1305399,153921,0,321756,0,121343,310744
x---o-oox,0,9809,13841,0,0,4301,0,0,0
x--ooxoox,0,0,372,0,0,0,0,0,0
--x----oo,1717948,845481,0,621363,1486573,397691,2489970,0,0
xox--oxoo,0,0,0,353,356,0,0,0,0
--xx-o-oo,14144,3984,0,0,9457,0,17596,0,0
o-ox-x-o-,0,9251,0,0,163,0,5776,0,5069
---oox---,400283,509360,1375165,0,0,0,627530,697623,1070185
o--ooxx--,0,0,10547,0,0,0,0,11190,20621
--xoxo--o,16695,28037,0,0,0,0,175,22550,0
--ox-oo-x,8774,0,0,0,8701,0,0,0,0
-ox-xooox,373,0,0,0,0,0,0,0,0
x---oo---,0,1017804,1187295,1651329,0,0,1130119,240337,313390
x-x-oo--o,0,186,0,21015,0,0,15156,2581,0
-o-ox-xo-,17231,0,185,0,0,9048,0,0,18902
oxx--o--o,0,0,0,0,18289,0,7107,8068,0
oxxo-ox-o,0,0,0,0,339,0,0,0,0
----oo--x,270690,60773,76583,470200,0,0,685068,348883,0
-o--oo-xx,3543,0,3893,6640,0,0,175,0,0
-ooxoo-xx,0,0,0,0,0,0,317,0,0
-x-oo--ox,3916,0,11680,0,0,7681,0,0,0
ox-oox-ox,0,0,346,0,0,0,0,0,0
o---ox-ox,0,6993,159,2738,0,0,3215,0,0
oo--x-xo-,0,0,205,14366,0,12082,0,0,10445
oo-ox--x-,0,0,10770,0,0,0,14480,0,2871
-ooox---x,165,0,0,0,0,9946,14547,11159,0
----xo-o-,2825449,1120957,2102886,777726,0,0,2420516,0,1500114
-ox-xo-o-,19569,0,0,8928,0,0,181,0,15253
o-xoo---x,0,4944,0,0,0,200,15068,12230,0
ooxoo--xx,0,0,0,0,0,334,380,0,0
---o-o-x-,585450,1012302,693711,0,3032750,0,1807373,0,1786691
-oxo-o-x-,0,0,0,0,10372,0,13778,0,4888
ooxo-oxx-,0,0,0,0,370,0,0,0,370
--x--oo--,1369948,930918,0,182513,809670,0,0,281409,393323
--xo-oo-x,13256,5508,0,0,10019,0,0,0,0
x-xo-ooox,0,370,0,0,349,0,0,0,0
--xoo----,1059163,939136,0,0,0,1193437,269826,253754,1162975
--xoo-xo-,2399,4923,0,0,0,6142,0,0,5050
-x-----oo,911377,0,1007698,269943,411073,84057,932766,0,0
-x--o-xoo,15360,0,7763,11156,0,0,0,0,0
-x--o--o-,1417785,0,1195581,535164,0,616971,457707,0,316275
-xx-o--oo,147,0,0,5832,0,4062,10292,0,0
xoo--xoox,0,0,0,0,325,0,0,0,0
o--o-o-xx,0,13015,2846,0,9502,0,172,0,0
-o----x-o,1299467,0,1388647,2166814,2017418,752402,0,282485,0
xo--ooxxo,0,0,0,351,0,0,0,0,0
-o--x-o--,1371641,0,947698,1710703,0,2311131,0,283409,2688064
xo--x-oo-,0,0,10878,14548,0,13653,0,0,167
o---xxoo-,0,4726,6668,172,0,0,0,0,13887
x-oxox-oo,0,0,0,0,0,0,354,0,0
o------ox,0,89117,1648630,277417,860444,976465,614545,0,0
o--xo--ox,0,0,3535,0,0,3408,0,0,0
o-xxo-oox,0,0,0,0,0,346,0,0,0
oxx--ooxo,0,0,0,0,361,0,0,0,0
-o-oxo-x-,10020,0,7975,0,0,0,16362,0,17660
xo-oxoox-,0,0,0,0,0,0,0,0,372
----x--oo,511688,448990,1556488,1822563,0,1171821,2183766,0,0
---ox-xoo,8274,13157,159,0,0,9111,0,0,0
xo-ox-xoo,0,0,342,0,0,0,0,0,0
o--o-x---,0,63342,1169288,0,395723,0,787106,364803,844910
o--o-xxo-,0,0,18912,0,7800,0,0,0,7476
ox---oox-,0,0,4419,8110,175,0,0,0,3500
oxox-oox-,0,0,0,0,337,0,0,0,0
o-oooxxx-,0,0,0,0,0,0,0,0,400
o--xx-oo-,0,2842,5085,0,0,162,0,0,8758
-x----oo-,1001034,0,1042411,81768,503448,298349,0,0,835842
-x-o-xoo-,2698,0,9043,0,0,0,0,0,2733
-x-ooxoox,0,0,337,0,0,0,0,0,0
oo----x--,0,0,2236178,400422,1422121,666273,0,1187886,1411877
oo-x-ox--,0,0,9569,0,9404,0,0,5964,3976
oo-xxox-o,0,0,373,0,0,0,0,0,0
x-----o-o,0,887483,495263,71144,338883,52918,0,658712,0
xx---oo-o,0,0,168,4363,7796,0,0,12957,0
xx-o-ooxo,0,0,321,0,362,0,0,0,0
x----ooox,0,13077,19771,8699,208,0,0,0,0
x---o-xoo,0,17506,17506,166,0,3816,0,0,0
xxo-o-xoo,0,0,0,332,0,0,0,0,0
--o-x--o-,2672857,366927,0,2084767,0,1200706,592710,0,1283171
--o-xxoo-,13362,6762,0,171,0,0,0,0,16945
x-ooxxoo-,0,0,0,0,0,0,0,0,369
-xoo---xo,4975,0,0,0,167,8840,5437,0,0
x----oo--,0,2095121,1369533,278961,2574427,0,0,667044,1564258
x--o-oo-x,0,12245,17172,0,151,0,0,7576,0
oox-o--x-,0,0,0,0,0,8169,6693,0,16916
oox-o-oxx,0,0,0,0,0,321,0,0,0
xooxx-oo-,0,0,0,0,0,358,0,0,386
---x-o--o,1179004,295285,923764,0,393762,0,1106704,51770,0
--xx-oo-o,6576,4013,0,0,0,0,0,0,0
x-xxooo-o,0,387,0,0,0,0,0,0,0
xx-o-o-o-,0,0,182,0,18057,0,5283,0,11104
-o-o-xo-x,17820,0,166,0,12365,0,0,5001,0
-oooxxo-x,381,0,0,0,0,0,0,0,0
oox--ox--,0,0,0,6920,169,0,0,15878,18528
oox--oxox,0,0,0,0,332,0,0,0,0
-x-o---o-,1186868,0,1469517,0,1017300,509103,398334,0,734913
-x-oxo-o-,19327,0,15062,0,0,0,10888,0,8863
---oxoo-x,163,14337,9697,0,0,0,0,13234,0
o----o--x,0,421726,418666,88608,865013,0,1116846,1272670,0
o----oxox,0,0,7162,0,8495,0,0,0,0
-ox-----o,427177,0,0,509977,1307505,425358,1389445,174526,0
--oo---x-,652664,1287271,0,0,2508266,322098,1315508,0,3145233
o-o-xxo--,0,15235,0,195,0,0,0,9170,3888
-o-o---x-,422291,0,837696,0,774765,405642,1288465,0,1489061
-o-o-oxx-,4515,0,13354,0,21631,0,0,0,183
o-xo---ox,0,4123,0,0,14050,162,17837,0,0
o-xx---oo,0,0,0,0,16217,5519,7827,0,0
ooxxx--oo,0,0,0,0,0,316,392,0,0
x--o--oxo,0,17950,11307,0,8998,0,0,0,0
xoxoxo--o,0,0,0,0,0,0,341,0,0
-x--oo---,960934,0,523885,592647,0,0,416738,64679,49844
-xo-oox--,5257,0,0,4259,0,0,0,4636,3992
oxo-ooxx-,0,0,0,0,0,0,0,0,339
o---xoox-,0,170,4482,7281,0,0,0,0,5059
o-x-xooxo,0,340,0,0,0,0,0,0,0
o---o---x,0,345497,1277354,194102,0,1142019,1078103,1131787,0
oo--o-x-x,0,0,14399,4257,0,7703,0,182,0
o-o--o-xx,0,17475,0,5050,13961,0,176,0,0
-o-xxo-o-,18624,0,8220,0,0,0,18687,0,9396
-ooxxoxo-,365,0,0,0,0,0,0,0,0
--o-x-o--,1893979,1517515,0,2169717,0,1465065,0,1345340,2070040
xooxxoo--,0,0,0,0,0,0,0,0,344
ox---o---,0,0,427190,71805,1183199,0,525599,1174331,426972
ox-oxo---,0,0,14639,0,0,0,17282,202,3449
-oo--xx-o,8078,0,0,11554,3368,0,0,0,0
xoo--xxoo,0,0,0,359,0,0,0,0,0
oo---ox-x,0,0,14897,3938,11604,0,0,183,0
---o---xo,347805,1235303,697087,0,1594520,65816,379889,0,0
o-o-x--xo,0,177,0,6583,0,12330,3881,0,0
o-oox-xxo,0,334,0,0,0,0,0,0,0
-xo-x-oo-,10228,0,0,4591,0,4100,0,0,12981
xxoox-oo-,0,0,0,0,0,0,0,0,339
o---o-xox,0,0,4538,0,0,3083,0,0,0
o-xoo-xox,0,0,0,0,0,375,0,0,0
-o-ox-o-x,194,0,14891,0,0,12975,0,9873,0
-x--o-oox,7226,0,15076,0,0,10490,0,0,0
oxx--o-o-,0,0,0,0,10406,0,9949,0,0
oxxo-oxo-,0,0,0,0,377,0,0,0,0
----o--xo,247133,139577,115121,98203,0,0,43073,0,0
x-o-o--xo,0,0,0,4232,0,0,3174,0,0
xoo-o-xxo,0,0,0,345,0,0,0,0,0
-oo-x--ox,167,0,0,13839,0,12335,8704,0,0
o--o-oxx-,0,10916,13319,0,24681,0,0,0,191
-o-x--xoo,194,0,12819,0,29544,12738,0,0,0
x--xoo-o-,0,17832,12982,0,0,0,184,0,3606
---o-oxox,9965,0,10359,0,22096,0,0,0,0
xo-o-oxox,0,0,0,0,326,0,0,0,0
xo-xxo-oo,0,0,0,0,0,0,339,0,0
oo---xxo-,0,0,10506,4407,11627,0,0,0,2666
oox--xxoo,0,0,0,0,328,0,0,0,0
x-o--oxo-,0,4803,0,187,13631,0,0,0,18830
xoo--oxox,0,0,0,348,357,0,0,0,0
-xo-oo--x,0,0,0,0,0,0,2847,3459,0
x----ooxo,0,12721,9734,0,4731,0,0,0,0
x-x-oooxo,0,384,0,0,0,0,0,0,0
---o-ox--,738560,615135,1359371,0,3360775,0,0,1993290,1943485
ox-o-ox--,0,0,7381,0,15674,0,0,9375,3648
-x-oo----,333596,0,938056,0,0,641032,81644,78084,267332
-x-oox--o,8114,0,8640,0,0,0,0,0,0
-ooxo---x,3987,0,0,0,0,0,8351,2268,0
xooxoo--x,0,0,0,0,0,0,347,0,0
-o--xx-oo,4129,0,12591,179,0,0,14367,0,0
ox-x---oo,0,0,0,0,2894,4441,0,0,0
oxoxx--oo,0,0,0,0,0,357,0,0,0
-oooxo-xx,346,0,0,0,0,0,346,0,0
-ox--o---,788749,0,0,361792,1752975,0,1617155,350197,764580
-oxo-ox--,9879,0,0,0,186,0,0,16722,13080
-xx-o-oo-,180,0,0,3975,0,13112,0,0,18939
-xxooxoo-,356,0,0,0,0,0,0,0,352
o--ox--ox,0,0,14391,0,0,4466,7606,0,0
o-xoxo-ox,0,0,0,0,0,0,385,0,0
--o---x-o,541033,81233,0,929585,352971,578280,0,49147,0
--oox-x-o,0,3096,0,0,0,0,0,2854,0
-ox--xoo-,4805,0,0,11020,12897,0,0,0,191
oo-xx-oxo,0,0,0,0,0,357,0,0,0
-xxo-o--o,177,0,0,0,29338,0,14753,15259,0
-oo-xo-x-,12474,0,0,0,0,0,5318,0,9958
xoooxo-x-,0,0,0,0,0,0,0,0,394
xoo-xoxo-,0,0,0,345,0,0,0,0,381
o-x-x--oo,0,8558,0,10576,0,18515,198,0,0
-xo-xoo--,14085,0,0,4085,0,0,0,172,18908
o----xoox,0,5111,169,14690,12445,0,0,0,0
oo----xox,0,0,11800,0,11463,2075,0,0,0
oo-o-xxox,0,0,324,0,0,0,0,0,0
o-x-o--ox,0,11062,0,5382,0,180,4756,0,0
---oxx-oo,0,0,10767,0,0,0,9194,0,0
-oxoxx-oo,0,0,0,0,0,0,361,0,0
-xx-oo--o,197,0,0,10341,0,0,6309,3276,0
x-o-x-oo-,0,6790,0,14708,0,11655,0,0,168
---ox-oox,203,8779,14777,0,0,16324,0,0,0
xxoo---o-,0,0,0,0,9668,0,0,0,8820
xxoo-o-ox,0,0,0,0,332,0,0,0,0
xo------o,0,0,372848,1029675,511035,368257,1263892,114388,0
xox--o--o,0,0,0,8984,8590,0,18858,0,0
-o--o---x,311794,0,787939,300015,0,945511,923237,1322161,0
---ooxo-x,10590,3157,213,0,0,0,0,4733,0
xo---oxo-,0,0,10870,195,28203,0,0,0,13036
x-o-oo--x,0,0,0,7460,0,0,13009,2468,0
---xoo---,1810191,542808,497859,0,0,0,1317817,498193,540251
--oxoo-x-,2918,0,0,0,0,0,17088,0,7845
-ooxooxx-,359,0,0,0,0,0,0,0,359
x-x--oo-o,0,176,0,4896,2251,0,0,8765,0
-x--o---o,1040978,0,679268,268836,0,72597,238589,118013,0
xx--o--oo,0,0,204,14941,0,4510,17988,0,0
o-oox---x,0,4160,0,0,0,0,2930,9875,0
o-ooxox-x,0,0,0,0,0,0,0,330,0
----oo-x-,201931,87540,36394,523892,0,0,1089974,0,375802
-o-xoo-x-,5738,0,0,0,0,0,20708,0,6199
xo-xoo-xo,0,0,0,0,0,0,364,0,0
--oo--x--,433332,361365,0,0,739423,93571,0,1261805,1175721
--oo-ox-x,11930,6165,0,0,14818,0,0,189,0
--ooxoxox,379,0,0,0,0,0,0,0,0
----ox-o-,278448,630025,1101573,110048,0,0,58852,0,310882
---o-xoox,19406,3416,181,0,11962,0,0,0,0
--ooxxoox,323,0,0,0,0,0,0,0,0
-o-o-xx-o,0,0,10220,0,10371,0,0,0,0
ox----o--,0,0,42552,367041,886625,391361,0,415703,84745
ox-x--o-o,0,0,0,0,12611,4384,0,7467,0
ox-xxoo-o,0,0,0,0,0,0,0,312,0
x-ox-o-o-,0,4122,0,0,11388,0,150,0,18888
xoox-o-ox,0,0,0,0,341,0,352,0,0
x--o-oox-,0,11740,4337,0,18245,0,0,0,8652
x-oo-ooxx,0,0,0,0,379,0,0,0,0
xoo---o-x,0,0,0,8872,184,7594,0,9350,0
x--oo--xo,0,7383,4125,0,0,0,0,0,0
-o---o--x,1978899,0,737773,700869,2236925,0,2807842,1177217,0
-o--oox-x,8825,0,4585,13332,0,0,0,180,0
-xxoo-xoo,324,0,0,0,0,0,0,0,0
-ooxx---o,11581,0,0,0,0,148,10476,5276,0
x-oo--o-x,0,9630,0,0,182,9586,0,8015,0
xxoo--oox,0,0,0,0,339,0,0,0,0
oxx---o-o,0,0,0,0,4389,0,0,2541,0
-----xo-o,49482,263709,76579,397636,942809,0,0,444423,0
-o--xxo-o,3689,0,6074,191,0,0,0,9420,0
oo--xxoxo,0,0,0,369,0,0,0,0,0
-oo--xo-x,8255,0,0,4236,12430,0,0,0,0
xooo-xo-x,0,0,0,0,337,0,0,0,0
-o--o--x-,500938,0,451401,658750,0,667441,1476646,0,1408873
-o-xo--xo,8945,0,0,0,0,0,7181,0,0
xooxo--xo,0,0,0,0,0,0,359,0,0
-xoo-----,431814,0,0,0,1640999,88894,355135,1277002,804357
oxoox----,0,0,0,0,0,2879,7280,191,5712
o-oooxx-x,0,0,0,0,0,0,0,328,0
-xoox-o--,15431,0,0,0,0,5332,0,199,14079
oo-xoox-x,0,0,0,0,0,0,0,352,0
---xxooo-,11705,0,0,0,0,0,0,0,10510
--oxxooox,363,0,0,0,0,0,0,0,0
-xoo--o-x,7373,0,0,0,12264,0,0,3367,0
x-----oo-,0,853473,1812898,355618,1318017,809718,0,0,2518567
x-o---oox,0,8940,0,8663,197,8572,0,0,0
--oox-xo-,10143,0,0,0,0,0,0,0,7767
-o-oxx-o-,7926,0,21178,0,0,0,8797,0,22627
ooxoxx-o-,0,0,0,0,0,0,331,0,358
-oo-xxoxo,0,0,0,367,0,0,0,0,0
-o-x-xo-o,4797,0,4925,0,172,0,0,8104,0
ooxox--ox,0,0,0,0,0,350,387,0,0
oo---x---,0,0,2325465,930404,1808783,0,630261,316480,1044305
ooxo-x---,0,0,0,0,11949,0,16671,3914,187
x---ooox-,0,4712,4951,0,0,0,0,0,0
oxox--oxo,0,0,0,0,355,0,0,0,0
-o-oo-xx-,3727,0,2893,0,0,11848,0,0,169
oo-ooxxx-,0,0,0,0,0,0,0,0,378
xo---o---,0,0,865811,1154230,2348594,0,3201342,645608,2143696
x-ooxo---,0,15892,0,0,0,0,9889,16618,182
xo----o--,0,0,527850,430607,1632581,719786,0,221323,1724639
xo-ooxo-x,0,0,341,0,0,0,0,0,0
-o-xx--oo,14360,0,15586,0,0,170,29431,0,0
xoo-o--x-,0,0,0,8804,0,0,20096,0,10024
o---x-xoo,0,6624,213,20067,0,16229,0,0,0
o-xxo-o--,0,0,0,0,0,10700,0,0,8976
o-xxoxoo-,0,0,0,0,0,0,0,0,406
-oo--ox-x,28874,0,0,15303,13959,0,0,183,0
-x-x-o-oo,8638,0,3035,0,0,0,4413,0,0
x---o--o-,0,1579491,1098563,951787,0,262197,900398,0,264472
x-x-o-oo-,0,170,0,5645,0,8043,0,0,15640
ox--xoo--,0,0,4236,7587,0,0,0,193,4231
---xoox-o,177,4577,8887,0,0,0,0,3472,0
-x---oo--,2211830,0,889548,197727,2685197,0,0,1365857,655565
o-o--x-xo,0,9874,0,4094,14346,0,0,0,0
-o-o-x---,349997,0,1144859,0,1091032,0,787091,586455,1662346
oox--xo--,0,0,0,14876,11318,0,0,4466,187
oo---xx-o,0,0,9510,4434,11094,0,0,0,0
-xo-x-o-o,3752,0,0,8192,0,14081,0,176,0
ooxx--o--,0,0,0,0,8745,15666,0,0,9658
ooxxx-o-o,0,0,0,0,0,349,0,0,0
-o-xoo--x,2927,0,0,0,0,0,14920,7751,0
-ooxoox-x,352,0,0,0,0,0,0,376,0
o-x-ox-o-,0,9777,0,5241,0,0,4729,0,172
oxoo-x-xo,0,0,0,0,374,0,0,0,0
-xo--xoo-,0,0,0,3872,4294,0,0,0,0
oxo-xxoo-,0,0,0,370,0,0,0,0,0
-ooox-oxx,351,0,0,0,0,0,0,0,0
-x-oxoxoo,0,0,392,0,0,0,0,0,0
---xo-o--,117543,105688,268997,0,0,158130,0,0,103985
-x-xooo--,6384,0,10847,0,0,0,0,0,0
-xxxoooo-,371,0,0,0,0,0,0,0,0
o-o--x---,0,435778,0,425404,977563,0,75497,344057,54732
o-ox-x--o,0,8187,0,0,177,0,4857,6780,0
o-oo--xx-,0,21817,0,0,10288,6023,0,0,170
--oxx-o-o,3984,7399,0,0,0,184,0,11673,0
o-o-x----,0,1338108,0,1310733,0,976289,374755,1046407,292277
ooxxoxo--,0,0,0,0,0,0,0,0,353
x-oox--o-,0,10959,0,0,0,10615,10559,0,184
o--oxxxoo,0,0,361,0,0,0,0,0,0
oo-o---xx,0,0,12964,0,2372,9662,193,0,0
oo-o-x--x,0,0,171,0,4470,0,14354,13131,0
oo-x--ox-,0,0,0,0,4917,4039,0,0,0
o--x-oox-,0,8930,0,0,9880,0,0,0,0
--o--x--o,568562,489770,0,1090626,1594203,0,496468,580268,0
--o-xxo-o,4178,15880,0,178,0,0,0,18385,0
-o-oo--xx,3337,0,11920,0,0,17602,198,0,0
ox----xoo,0,0,6066,0,8201,0,0,0,0
xoxo--oox,0,0,0,0,368,379,0,0,0
xx-oo-o--,0,0,195,0,0,7520,0,4392,4259
o--x-xo-o,0,3100,4221,0,179,0,0,7587,0
ooxx-xo-o,0,0,0,0,346,0,0,0,0
--ox-o---,998436,69278,0,0,513313,0,1025549,423947,791312
x-oxxooo-,0,0,0,0,0,0,0,0,357
-oxo-oxxo,0,0,0,0,366,0,0,0,0
o--oxo--x,0,5693,10302,0,0,0,20539,13956,0
--o-o---x,275451,188084,0,404891,0,63085,1009649,547056,0
o---xxo-o,0,9310,3313,199,0,0,0,12610,0
o---xx-oo,0,6468,13742,192,0,0,21584,0,0
xooox----,0,0,0,0,0,8643,10147,12171,171
xoo---xo-,0,0,0,188,20953,2875,0,0,11867
-----ox-o,1969009,707306,2443700,865740,1483829,0,0,344706,0
x----oxoo,0,13319,30294,177,9705,0,0,0,0
x--oxoxoo,0,0,329,0,0,0,0,0,0
oo------x,0,0,2303370,170870,770335,958119,1298950,889294,0
oo--x-o-x,0,0,5702,4085,0,7947,0,0,0
xx--o-oo-,0,0,177,3675,0,3184,0,0,9289
xx-oo-oox,0,0,345,0,0,0,0,0,0
o-xx-oxoo,0,0,0,0,342,0,0,0,0
--x---o-o,459063,813932,0,81550,317446,66848,0,498007,0
--x-xoo-o,4173,12851,0,0,0,0,0,8649,0
oxx-xoo-o,0,0,0,0,0,0,0,386,0
xooo----x,0,0,0,0,176,8854,16245,17286,0
xooo-ox-x,0,0,0,0,356,0,0,335,0
xoox-xoo-,0,0,0,0,352,0,0,0,0
--oxox-o-,5131,0,0,0,0,0,4440,0,0
oo-xx-o--,0,0,7815,0,0,195,0,2838,4687
--ox--o--,475265,321181,0,0,1820967,602865,0,329085,478945
o-ox-xo--,0,10240,0,0,200,0,0,4563,4884
---oo-x--,63955,69010,413957,0,0,421889,0,578408,803172
--ooo-x-x,5016,5103,0,0,0,8445,0,190,0
-o--o-x--,892015,0,328270,898104,0,296150,0,1652148,931711
-o-oo-x-x,4201,0,9439,0,0,14011,0,188,0
oo--x-x-o,0,0,171,12954,0,14328,0,9066,0
-oxxoox-o,359,0,0,0,0,0,0,0,0
-o---x-o-,506715,0,2052983,916459,2483401,0,717623,0,1794606
xoooxx-o-,0,0,0,0,0,0,0,0,372
xo--xo-o-,0,0,19530,18558,0,0,27598,0,171
xoxo-o---,0,0,0,0,19943,0,11964,0,7727
-xoo-xoxo,0,0,0,0,365,0,0,0,0
ox--xo--o,0,0,17612,2549,0,0,11893,185,0
xoo-xxoo-,0,0,0,346,0,0,0,0,328
ox-----o-,0,0,257250,101970,300850,165874,143728,0,126167
ox--xoxoo,0,0,350,0,0,0,0,0,0
-o--x-xoo,18898,0,168,25841,0,17352,0,0,0
x--o--oox,0,13287,27055,0,164,19938,0,0,0
o-xoo-x--,0,0,0,0,0,8848,0,2397,14358
---xo---o,1453962,215193,313812,0,0,90552,557321,80130,0
-ox-oox--,3633,0,0,4198,0,0,0,3202,3941
-x--o-o--,614111,0,1214286,109558,0,250713,0,131474,350583
o-o-x-ox-,0,176,0,16090,0,5961,0,0,6063
-x--o-oxo,9719,0,10080,0,0,0,0,0,0
xx--oooxo,0,0,362,0,0,0,0,0,0
xo--o--xo,0,0,0,9606,0,0,8016,0,0
x------oo,0,900041,2040905,954013,524814,206293,2448599,0,0
ox--o----,0,0,58798,0,0,60681,140974,99707,235254
o--o-x-ox,0,4546,183,0,3085,0,7902,0,0
xo--o-o-x,0,0,3888,0,0,6026,0,0,0
xx--ooo--,0,0,188,9775,0,0,0,3704,5936
oo-x-o-x-,0,0,0,0,0,0,6061,0,3762
oo-xooxx-,0,0,0,0,0,0,0,0,402
oo-oxxx-o,0,0,354,0,0,0,0,0,0
oo--ox-x-,0,0,7953,0,0,0,3381,0,13217
o-x---xoo,0,10009,0,6051,163,8397,0,0,0
ooxo----x,0,0,0,0,12938,200,23752,13399,0
-xooxo---,15819,0,0,0,0,0,4203,157,18597
-xooxo-ox,375,0,0,0,0,0,0,0,0
-x-o-oxo-,3429,0,13496,0,9152,0,0,0,0
xo-o-ox--,0,0,10625,0,20081,0,0,3182,10821
xoxo-ox-o,0,0,0,0,378,0,0,0,0
xo-o--xo-,0,0,8733,0,22257,0,0,0,8207
o---xoxo-,0,7632,202,10936,0,0,0,0,12400
--oxox--o,9370,0,0,0,0,0,7576,0,0
-ooxoxx-o,343,0,0,0,0,0,0,0,0
oxxo---o-,0,0,0,0,7564,4470,8607,0,3644
-ooo--x-x,18463,0,0,0,12266,1842,0,198,0
--o-ooxx-,9336,4576,0,15241,0,0,0,0,148
o-oxooxx-,0,0,0,0,0,0,0,0,380
-o-xx-o-o,4008,0,4083,0,0,173,0,9436,0
o-oxoo-xx,0,0,0,0,0,0,383,0,0
xo-ox-o--,0,0,11281,0,0,8920,0,9979,203
-oxoo--x-,0,0,0,0,0,6747,3645,0,12483
o--o-ox-x,0,3182,11910,0,17103,0,0,164,0
xx-oo--o-,0,0,194,0,0,7602,4842,0,4397
x-xoxooo-,0,334,0,0,0,0,0,0,347
--x--ooox,16676,9357,0,0,9700,0,0,0,0
-xx-oooox,337,0,0,0,0,0,0,0,0
xo-oxox-o,0,0,398,0,0,0,0,0,0
-oxo-xo--,9811,0,0,0,3371,0,0,3968,164
xoo--x--o,0,0,0,16912,10839,0,11333,0,0
--o-xoxo-,10887,0,0,4622,0,0,0,0,8801
x-ox--oo-,0,0,0,0,12284,4206,0,0,8238
oo--xoxxo,0,0,358,0,0,0,0,0,0
x--o-o-ox,0,14233,13158,0,173,0,9247,0,0
xx--oo-o-,0,0,172,19484,0,0,14832,0,3923
-oo-xooxx,378,0,0,0,0,0,0,0,0
--ox--xoo,181,2552,0,0,13534,17672,0,0,0
o---x-oox,0,0,5490,7865,0,13007,0,0,0
oox-x-oox,0,0,0,0,0,405,0,0,0
o--oo-xx-,0,2859,3299,0,0,13551,0,0,204
oox-x--o-,0,0,0,21585,0,27338,167,0,19871
--o-ox---,72268,0,0,134381,0,0,196341,144797,74730
--ooox-x-,0,0,0,0,0,0,12491,0,12026
-oooox-xx,0,0,0,0,0,0,342,0,0
-ooox--x-,9220,0,0,0,0,0,3267,0,11191
xooox-ox-,0,0,0,0,0,0,0,0,354
o---oox-x,0,6133,3100,8777,0,0,0,160,0
xo-o-o-x-,0,0,0,0,11372,0,4147,0,13574
o-o--oxx-,0,8873,0,2798,5983,0,0,0,164
--xo-oox-,5441,7801,0,0,3687,0,0,0,0
x-xo-ooxo,0,378,0,0,0,0,0,0,0
oo--x--ox,0,0,21372,3859,0,14787,7736,0,0
o-o--ox-x,0,10313,0,3493,3727,0,0,175,0
-o-o-xxo-,0,0,11849,0,7083,0,0,0,3507
-oxo-xxoo,0,0,0,0,336,0,0,0,0
x-o-oox--,0,5459,0,190,0,0,0,10247,14786
xo-o-xoox,0,0,359,0,356,0,0,0,0
--oxxo-o-,16300,0,0,0,0,0,5145,0,9417
-oxo-o--x,8098,0,0,0,16992,0,12446,3599,0
-oxoxo-ox,345,0,0,0,0,0,351,0,0
o-x-oxo--,0,4584,0,9646,0,0,0,5311,195
--o-o-x--,1332768,228921,0,1115775,0,168093,0,1189905,989906
-oo-oxx--,4246,0,0,3406,0,0,0,2593,3985
-xxxooo-o,380,0,0,0,0,0,0,0,0
ox---o-xo,0,0,9770,5608,160,0,3135,0,0
-oxo---ox,14864,0,0,0,27215,183,11454,0,0
o-o-xooxx,0,372,0,0,0,0,0,0,0
-x---ooxo,11314,0,19017,4989,203,0,0,0,0
-oox-o--x,17392,0,0,0,8265,0,13530,4463,0
xoo-o-x--,0,0,0,166,0,4391,0,17317,12368
ox-ox--o-,0,0,7466,0,0,0,9137,0,0
oxxox--oo,0,0,0,0,0,0,377,0,0
x-xoxoo-o,0,336,0,0,0,0,0,0,0
xo--oo-x-,0,0,0,8917,0,0,9427,0,4728
o-xox---o,0,13580,0,0,0,9670,182,12614,0
o-xoxo-xo,0,366,0,0,0,0,368,0,0
-oox-oxox,357,0,0,0,0,0,0,0,0
-xx--ooo-,154,0,0,5510,3786,0,0,0,7039
oo-o--x-x,0,0,22118,0,17555,16113,0,186,0
-xxoxoo-o,349,0,0,0,0,0,0,369,0
--o--xo--,546331,306798,0,621694,1407074,0,0,335876,487088
--ox-xoo-,3135,6205,0,0,179,0,0,0,8943
--oo-oxx-,3467,7809,0,0,13164,0,0,0,193
xx-o--o-o,0,0,190,0,14395,3848,0,17535,0
-o-xoxo--,0,0,3511,0,0,0,0,0,5530
o----xxoo,0,0,7586,7644,18965,0,0,0,0
--xo-x-oo,3599,4298,0,0,9546,0,8736,0,0
x-o-----o,0,53658,0,891956,250685,457734,443384,55149,0
o----xoxo,0,4273,0,8368,12676,0,0,0,0
oxo--xoxo,0,0,0,0,337,0,0,0,0
x-xoo--o-,0,178,0,0,0,10659,5564,0,10476
xo-o---ox,0,0,15329,0,183,10956,8687,0,0
--xox-oo-,10205,3702,0,0,0,2805,0,0,16896
-x-oxo--o,14327,0,24593,0,0,0,15919,168,0
xx-oxoo-o,0,0,351,0,0,0,0,352,0
o-x---oxo,0,4050,0,0,2878,0,0,0,0
-ooxo-x--,174,0,0,0,0,5585,0,12441,8649
-x-o-ox-o,4318,0,15207,0,11015,0,0,4424,0
ox-o-oxxo,0,0,0,0,316,0,0,0,0
-ooxxo---,13907,0,0,0,0,0,3192,0,9083
-ooxxo-ox,379,0,0,0,0,0,0,0,0
-xoo-o--x,6749,0,0,0,18383,0,6088,18139,0
xxoo-oo-x,0,0,0,0,362,0,0,0,0
-oxoxo-xo,0,0,0,0,0,0,359,0,0
--xo-xoo-,8985,8389,0,0,4418,0,0,0,169
--oo-x---,154759,88626,0,0,341298,0,116698,295799,239271
--oo-xo-x,7680,0,0,0,8896,0,0,0,0
x-oo-xoox,0,0,0,0,358,0,0,0,0
-oxoo-x--,0,0,0,0,0,3982,0,2957,11566
-o-x-o---,1223525,0,421264,0,903157,0,1695916,315204,659030
-o-ox--ox,172,0,25202,0,0,16358,21815,0,0
-xo-xooox,388,0,0,0,0,0,0,0,0
x-ox---oo,0,4355,0,0,5842,11305,172,0,0
-xoo--ox-,7936,0,0,0,176,4346,0,0,4031
xxo----oo,0,0,0,4210,0,0,3752,0,0
x--oo-o-x,0,2916,14102,0,0,11046,0,0,0
ooxo-ox-x,0,0,0,0,335,0,0,321,0
xoox-o---,0,0,0,0,14571,0,183,2976,16057
xoox-oo-x,0,0,0,0,326,0,0,0,0
-xx-oo-o-,188,0,0,9420,0,0,5346,0,3064
-xxxoo-oo,375,0,0,0,0,0,0,0,0
-oooxox-x,369,0,0,0,0,0,0,348,0
o---o--x-,0,99745,374387,96848,0,212073,819105,0,1112180
-ox----o-,973302,0,0,692087,3365020,1715079,1288287,0,1860114
-x-o-xo-o,4073,0,6102,0,5699,0,0,3751,0
xoxo-o-ox,0,0,0,0,329,0,0,0,0
-xxo---oo,177,0,0,0,14918,5411,17120,0,0
o-o-xox--,0,3959,0,0,0,0,0,7326,2726
-xo--o---,295799,0,0,47405,1116906,0,410713,1023594,960592
oxo-oox-x,0,0,0,0,0,0,0,364,0
ooxox----,0,0,0,0,0,14496,188,9280,16669
xxo-ooxo-,0,0,0,375,0,0,0,0,0
-ox-x-oo-,9427,0,0,5894,0,13206,0,0,21940
-oxxoo---,6125,0,0,0,0,0,4461,0,0
xo--xoxoo,0,0,372,340,0,0,0,0,0
o-o-x-x-o,0,6043,0,4821,0,5105,0,3837,0
--o-oox-x,15174,3716,0,15743,0,0,0,172,0
o-x-xo-o-,0,9265,0,9979,0,0,179,0,10759
----xooox,163,9494,8751,9072,0,0,0,0,0
o-x-x-o-o,0,7394,0,4882,0,4139,0,3821,0
o--oxx--o,0,2647,9949,0,0,0,7693,2929,0
x-xo-oo--,0,184,0,0,20074,0,0,4209,12941
-x--xoo-o,9675,0,12977,2922,0,0,0,180,0
-o--xoox-,10945,0,0,0,0,0,0,0,12234
x-ox-oo--,0,0,0,0,8336,0,0,0,9093
x-ox-ooox,0,0,0,0,376,0,0,0,0
xo-o-o--x,0,0,7878,0,165,0,11240,12065,0
--x--ooxo,11460,15802,0,0,8265,0,0,0,0
-xxo-ooxo,347,0,0,0,353,0,0,0,0
x-o-ox-o-,0,0,0,3060,0,0,5126,0,0
-x-oo-x-o,6310,0,3196,0,0,0,0,0,0
xx-oo-xoo,0,0,358,0,0,0,0,0,0
-oxxo---o,5503,0,0,0,0,0,3400,0,0
-xoo-o-x-,6440,0,0,0,175,0,9548,0,16250
oxoo-oxx-,0,0,0,0,348,0,0,0,338
-xx-o-o-o,189,0,0,3894,0,3575,0,9193,0
---o--x-o,356464,656136,1572202,0,1311055,144786,0,449693,0
o-xo--x-o,0,8341,0,0,180,7474,0,6679,0
--oox--xo,5179,183,0,0,0,7561,3176,0,0
---x-oxoo,173,5719,15138,0,13424,0,0,0,0
oo--xox--,0,0,159,8771,0,0,0,15264,14312
-o--o-oxx,0,0,10380,0,0,10713,0,0,0
-o--xxoo-,9425,0,11229,160,0,0,0,0,25143
oox-ox---,0,0,0,5787,0,0,3433,8431,171
xoox--o--,0,0,0,0,17424,9320,0,0,7867
-xoo-ooxx,0,0,0,0,367,0,0,0,0
x-o-x--oo,0,0,0,5193,0,4500,4477,0,0
xoo-x-xoo,0,0,0,355,0,0,0,0,0
-ox-x--oo,7177,0,0,14523,0,13473,207,0,0
--ooxo-x-,11580,182,0,0,0,0,12148,0,31362
ox----oox,0,0,4175,0,0,5420,0,0,0
oxx-o-oox,0,0,0,0,0,374,0,0,0
xo----oox,0,0,17237,11577,191,10213,0,0,0
xoooo--xx,0,0,0,0,0,0,372,0,0
xo--xoo--,0,0,10609,7301,0,0,0,8711,211
oxo--o-x-,0,0,0,2687,145,0,13721,0,21795
xx-o-oxoo,0,0,345,0,0,0,0,0,0
oxx--oxoo,0,0,0,0,339,0,0,0,0
---xox-oo,3365,0,0,0,0,0,3048,0,0
--oxoxxoo,337,0,0,0,0,0,0,0,0
oox-xo-ox,0,0,0,0,0,0,318,0,0
----ox--o,237614,106315,95458,120923,0,0,87050,0,0
----oxxoo,2057,0,0,4584,0,0,0,0,0
-oo-o-xx-,18664,0,0,12626,0,4711,0,0,176
-x-o-oo-x,13199,0,4733,0,13335,0,0,3842,0
--xo-o-xo,6114,12051,0,0,17308,0,6887,0,0
o-xo-o-x-,0,3251,0,0,15397,0,14317,0,4860
-ooox-x--,16807,0,0,0,0,0,0,4270,12423
xooox-xo-,0,0,0,0,0,0,0,0,423
x-oo---ox,0,5516,0,0,172,9504,8401,0,0
--o---ox-,451781,541662,0,334134,1402570,418723,0,0,511053
-oox--ox-,0,0,0,0,1913,3658,0,0,0
o--ox-xo-,0,7699,180,0,0,8332,0,0,9576
oo-oxxxo-,0,0,324,0,0,0,0,0,0
----o--ox,325189,488748,963874,43141,0,329304,33992,0,0
-x-o--oxo,18406,0,13697,0,191,4852,0,0,0
-x-ooxo--,6923,0,13332,0,0,0,0,0,3519
xoo-x-o--,0,0,0,20494,0,19200,0,7687,167
--ox-x-oo,12958,3478,0,0,155,0,14982,0,0
o-ox-xxoo,0,0,0,0,364,0,0,0,0
--xox--oo,13989,14285,0,0,0,9890,166,0,0
oo---x-ox,0,0,155,11524,14181,0,3929,0,0
-oox-ox--,169,0,0,0,4467,0,0,9888,15229
-ooxx--o-,26950,0,0,0,0,177,13768,0,12232
xx--ooxoo,0,0,348,370,0,0,0,0,0
o-x---o--,0,42624,0,523178,273617,826467,0,41807,302262
oox-x-o--,0,0,0,8411,0,12818,0,0,5424
x---oo-xo,0,4377,4302,4641,0,0,2765,0,0
o---oo-xx,0,3875,2848,8642,0,0,174,0,0
-oo-o-x-x,15576,0,0,9160,0,3088,0,160,0
-ooooxxx-,0,0,0,0,0,0,0,0,364
-oox-o-x-,1626,0,0,0,0,0,7812,0,3672
o-o--xox-,0,3154,0,3223,8550,0,0,0,0
o-o-xxoxo,0,332,0,370,0,0,0,0,0
xoxox-oo-,0,0,0,0,0,0,0,0,357
-xxoo--o-,194,0,0,0,0,16453,4423,0,12431
xox--ooox,0,0,0,0,351,0,0,0,0
xo-x--oo-,0,0,0,0,13224,4542,0,0,8983
xoox--oox,0,0,0,0,331,0,0,0,0
o-o---x--,0,647032,0,40701,322692,73066,0,913868,381570
o-oo--x-x,0,9018,0,0,4309,3264,0,158,0
-o-xxooox,371,0,0,0,0,0,0,0,0
-o-o-ox-x,9851,0,11470,0,27721,0,0,204,0
oxo-xo---,0,0,0,4285,0,0,2776,194,10562
oo-ox-x--,0,0,190,0,0,10136,0,13300,14549
oo-oxoxx-,0,0,394,0,0,0,0,0,342
-o-x--oox,7820,0,5075,0,20521,14617,0,0,0
xo----xoo,0,0,13559,190,18042,3455,0,0,0
-x---o--o,932500,0,2541904,225366,1916591,0,735996,1314258,0
ox---ox-o,0,0,7150,0,11645,0,0,3496,0
ooxo-o-xx,0,0,0,0,0,0,363,0,0
o--oxoxox,0,0,367,0,0,0,0,0,0
xoo-o---x,0,0,0,3681,0,0,14717,7669,0
--ooo-xx-,3656,4339,0,0,0,11719,0,0,167
o--oox--x,0,4155,172,0,0,0,16407,11348,0
xooxx-o-o,0,0,0,0,0,340,0,0,0
-o--oxx-o,4345,0,0,3362,0,0,0,0,0
-xx--oo-o,167,0,0,5818,11959,0,0,14479,0
o-x---oox,0,5567,0,7153,6522,178,0,0,0
-x-o--xoo,7834,0,15170,0,11343,0,0,0,0
--x-o---o,1277514,550960,0,367724,0,94596,347396,147114,0
--x-o-xoo,14497,9510,0,4438,0,0,0,0,0
oo--oxx--,0,0,2985,0,0,0,0,4587,8619
ooxooxx--,0,0,0,0,0,0,0,0,322
oxxo-o-xo,0,0,0,0,356,0,0,0,0
oxoo-ox-x,0,0,0,0,0,0,0,376,0
xoo----ox,0,0,0,10001,182,7155,13159,0,0
xxo--o-o-,0,0,0,5253,10068,0,3198,0,5754
xxo-o--o-,0,0,0,12348,0,0,9890,0,0
o-oox--x-,0,173,0,0,0,4612,14606,0,9727
xxooxo-o-,0,0,0,0,0,0,0,0,394
xox--o-o-,0,0,0,4252,20069,0,12007,0,6939
xox-xooo-,0,0,0,0,0,0,0,0,410
xxoo--o--,0,0,0,0,16867,0,0,6902,8280
--xo-o-ox,12359,4576,0,0,19867,0,8511,0,0
o--x-o---,0,40317,223647,0,304328,0,348139,275357,70882
oo-x-o--x,0,0,0,0,0,0,4026,2996,0
oo-xoo-xx,0,0,0,0,0,0,341,0,0
xoxo---o-,0,0,0,0,19765,4815,9044,0,13800
oo--o-xx-,0,0,8726,4577,0,4381,0,0,178
-ox--oxo-,11347,0,0,15729,184,0,0,0,8101
o--xxo--o,0,2104,9940,0,0,0,10134,4313,0
xx--o-o-o,0,0,185,3696,0,5722,0,9195,0
-x-o-oox-,14117,0,8332,0,187,0,0,0,5303
oox---x-o,0,0,0,9446,173,9339,0,9492,0
-xoox---o,3508,0,0,0,0,12960,5181,160,0
xx-oxo-oo,0,0,360,0,0,0,0,0,0
oxxoo--ox,0,0,0,0,0,339,0,0,0
-o-xooxxo,351,0,0,0,0,0,0,0,0
oo-o-xx--,0,0,19443,0,11440,0,0,4675,13931
xo-x-o--o,0,0,10182,0,4595,0,177,5539,0
--oox-ox-,19082,172,0,0,0,2995,0,0,12928
xx--oo--o,0,0,157,10625,0,0,8002,5397,0
xo-o--x-o,0,0,7082,0,8450,0,0,0,0
xxoo-oox-,0,0,0,0,366,0,0,0,0
o-xo-x--o,0,0,0,0,9318,0,7141,0,0
xoo--o-x-,0,0,0,4593,9637,0,13385,0,18779
-oxo-x--o,0,0,0,0,6845,0,7723,0,0
--ooxo--x,198,21693,0,0,0,0,20617,28328,0
-----o-xo,203781,1012972,818912,51207,1104684,0,393605,0,0
o---ooxx-,0,2250,4223,9551,0,0,0,0,160
--x-oxoo-,10173,13683,0,5509,0,0,0,0,199
---x--oo-,334141,93253,341237,0,1366106,773214,0,0,721163
oxoxxoo--,0,0,0,0,0,0,0,347,0
oxo--x--o,0,0,0,7127,18054,0,0,8006,0
oxx-xo-oo,0,0,0,0,0,0,349,0,0
xooo-oxx-,0,0,0,0,0,0,0,0,332
-x-xoo-o-,19237,0,8867,0,0,0,11452,0,0
xo--x--oo,0,0,9705,12261,0,5457,14410,0,0
-oxx-oxoo,331,0,0,0,364,0,0,0,0
oo--xxo--,0,0,13408,173,0,0,0,5154,8680
x-xo---oo,0,162,0,0,12314,2958,16798,0,0
o---oxo-x,0,4018,175,7438,0,0,0,5700,0
---x-oo--,318108,237753,83095,0,397256,0,0,95514,267493
--oxxoo--,8131,4635,0,0,0,0,0,5764,11875
xoo---x-o,0,0,0,167,4270,8836,0,4089,0
oo---oxx-,0,0,18423,5678,13998,0,0,0,176
x-oo-o-x-,0,3223,0,0,10872,0,3036,0,14313
oox---o-x,0,0,0,6967,3093,184,0,2936,0
ooxx--oox,0,0,0,0,0,341,0,0,0
o-oxx--o-,0,12025,0,0,0,184,3097,0,6503
-oo-xox--,15757,0,0,4275,0,0,0,3088,15989
-oooxoxx-,0,0,0,0,0,0,0,0,345
xoooo-xx-,0,0,0,0,0,0,0,0,364
o---xoo-x,0,5620,0,0,0,0,0,4119,0
xo---ox-o,0,0,17674,186,13469,0,0,3720,0
-oxoo---x,6493,0,0,0,0,188,7211,15716,0
ooxx-ox-o,0,0,0,0,349,0,0,0,0
ooxxxo--o,0,0,0,0,0,0,336,0,0
-o-xoox--,176,0,3511,0,0,0,0,20704,12591
x-oox-o--,0,18660,0,0,0,9203,0,16554,181
-o---o-x-,758451,0,374290,305389,873850,0,2094256,0,1253195
--ox-o-ox,18539,0,0,0,8103,0,8846,0,0
-xx-ooxoo,398,0,0,0,0,0,0,0,0
xx-xoooo-,0,0,359,0,0,0,0,0,0
-o-oxxoox,383,0,362,0,0,0,0,0,0
--oxo-x-o,197,4878,0,0,0,7777,0,4547,0
-xox---oo,5986,0,0,0,6071,4254,5644,0,0
oo-x-x-o-,0,0,10016,0,177,0,2063,0,9342
oxo-xxo-o,0,0,0,360,0,0,0,388,0
xo---o-ox,0,0,8094,12883,185,0,13332,0,0
--o-xx-oo,4687,3924,0,179,0,0,8419,0,0
--ooo--xx,5916,2648,0,0,0,9125,162,0,0
--xxo--oo,6584,4505,0,0,0,0,4141,0,0
oox-oxox-,0,0,0,0,0,0,0,0,341
x-xooxoo-,0,343,0,0,0,0,0,0,346
o-oxx---o,0,13550,0,0,0,181,3714,8455,0
o-o-x-o-x,0,4236,0,4827,0,4640,0,3741,0
o-oxx-oox,0,0,0,0,0,362,0,0,0
-o-x-x-oo,10452,0,3174,0,198,0,13030,0,0
--ooox--x,0,0,0,0,0,0,7706,7936,0
ooxxo-o-x,0,0,0,0,0,367,0,0,0
x--x-o-oo,0,7558,11446,0,3284,0,149,0,0
o--ox--xo,0,194,15244,0,0,2422,16332,0,0
-oxo--x-o,11426,0,0,0,187,8845,0,10123,0
-o--x-oxo,0,0,0,10259,0,8105,0,0,0
x-xoo-o--,0,180,0,0,0,20526,0,4554,10564
-o-x-xoo-,3962,0,9845,0,175,0,0,0,14864
--o-x-oox,191,9247,0,17489,0,17415,0,0,0
o-x--o-ox,0,0,0,0,8298,0,9360,0,0
o-xo-oxox,0,0,0,0,336,0,0,0,0
ox--oox--,0,0,0,0,0,0,0,3849,5977
-x-x-ooo-,3878,0,4752,0,0,0,0,0,0
-o--xox-o,14882,0,171,16275,0,0,0,7067,0
o-x-xo--o,0,17289,0,9269,0,0,164,16843,0
-x-xo-o-o,4501,0,4274,0,0,0,0,0,0
-o---ooxx,7637,0,0,0,9881,0,0,0,0
o-oxx-o--,0,20311,0,0,0,183,0,16989,3093
o-o-x-xo-,0,0,0,5764,0,5686,0,0,0
xo---xo-o,0,0,0,4653,4100,0,0,0,0
oxooxox--,0,0,0,0,0,0,0,334,0
oo-x-xo--,0,0,18355,0,184,0,0,4388,13417
oo-x-xxoo,0,0,0,0,335,0,0,0,0
xoxx-o-oo,0,0,0,0,0,0,341,0,0
--ox--oxo,0,4434,0,0,16514,6869,0,0,0
x-oxoo---,0,6298,0,0,0,0,169,6266,9090
o-----o-x,0,83087,320486,549726,301074,701600,0,39759,0
o--xo-o-x,0,0,6872,0,0,8408,0,0,0
xoo--xo--,0,0,0,10236,19360,0,0,0,6734
-xo---o--,429614,0,0,280235,1523477,263484,0,448029,500881
oxo--xo--,0,0,0,7531,15335,0,0,3920,0
oxox-xoo-,0,0,0,0,376,0,0,0,0
o--xoxoox,0,0,321,0,0,0,0,0,0
-oooxx-ox,343,0,0,0,0,0,0,0,0
-xoox-oox,383,0,0,0,0,0,0,0,0
-o---xxoo,4465,0,8295,11699,19872,0,0,0,0
xx-o---oo,0,0,175,0,3249,4064,7613,0,0
x-o---xoo,0,3526,0,175,3824,10431,0,0,0
-x--oxo-o,4607,0,5257,0,0,0,0,0,0
oo-ox-xox,0,0,344,0,0,0,0,0,0
xx-ooxoo-,0,0,322,0,0,0,0,0,0
-o-oox--x,2360,0,170,0,0,0,15144,19203,0
x---ooxo-,0,16215,9693,170,0,0,0,0,5031
o--x-xoo-,0,4018,13747,0,162,0,0,0,16556
--xoo--ox,8301,13883,0,0,0,147,4997,0,0
--x-xo-oo,13902,14986,0,9389,0,0,183,0,0
o--xxoxoo,0,0,358,0,0,0,0,0,0
o-xx-o-o-,0,0,0,0,7472,0,9891,0,0
o-xxxo-oo,0,0,0,0,0,0,381,0,0
-x---oxoo,12214,0,18770,4378,11729,0,0,0,0
-x-oxooox,343,0,0,0,0,0,0,0,0
xooxo----,0,0,0,0,0,4110,186,10460,4032
xooxoo-x-,0,0,0,0,0,0,333,0,0
-oxoxxoo-,0,0,0,0,0,0,0,0,345
--xo--xoo,16934,20241,0,0,171,9388,0,0,0
-o--xoxo-,28208,0,222,15424,0,0,0,0,20008
x--ox--oo,0,3543,10006,0,0,0,6731,0,0
-xoo---ox,5950,0,0,0,10276,0,0,0,0
ooxoxo--x,0,0,0,0,0,0,346,0,0
ox--xo-o-,0,0,10318,0,0,0,10237,0,0
x--oo--ox,0,4629,7960,0,0,5869,0,0,0
-x-ox--oo,3523,0,14768,0,0,0,8800,0,0
ox-ox-xoo,0,0,361,0,0,0,0,0,0
ox-x-ooxo,0,0,0,0,365,0,0,0,0
-oxo-oxox,0,0,0,0,349,0,0,0,0
-o-x-ox-o,171,0,18684,0,15274,0,0,3229,0
x-oo-x-o-,0,0,0,0,8085,0,0,0,6627
-o-----xo,83431,0,173471,150254,342160,77561,327798,0,0
-o-x-o-xo,3955,0,0,0,0,0,4464,0,0
--oo-xox-,0,5461,0,0,3600,0,0,0,0
-ox--o-ox,6742,0,0,0,18325,0,7514,0,0
x--xo-oo-,0,3735,4639,0,0,0,0,0,0
-o-oxoxxo,0,0,354,0,0,0,0,0,0
-x--ooo-x,3661,0,3238,0,0,0,0,0,0
-xo-xo-o-,10958,0,0,0,0,0,0,0,8602
-o---xoxo,0,0,0,5927,8123,0,0,0,0
-ox--o-xo,0,0,0,0,8651,0,10756,0,0
ox-o-o-x-,0,0,2864,0,159,0,11040,0,11730
x-o-xo-o-,0,8730,0,13587,0,0,15638,0,179
xooo---x-,0,0,0,0,7329,0,7766,0,14360
-x-o-o-xo,10143,0,12381,0,151,0,2972,0,0
-o-xo----,438852,0,73381,0,0,45811,960223,599103,304257
o-x--oox-,0,4556,0,0,3701,0,0,0,0
--oxooxox,347,0,0,0,0,0,0,0,0
o--ooxxox,0,0,341,0,0,0,0,0,0
oxo--ox--,0,0,0,0,3648,0,0,14719,8588
--o----xo,44971,335435,0,412993,841947,489782,62786,0,0
ox-o-x-o-,0,0,2750,0,0,0,0,0,3871
oo---xo-x,0,0,175,13447,10535,0,0,4666,0
o-xxo--o-,0,0,0,0,0,5549,0,0,3753
x--o-xoo-,0,4279,12689,0,11577,0,0,0,17901
x-xooxo-o,0,339,0,0,0,0,0,0,0
-x-o-o-ox,9647,0,2720,0,9313,0,0,0,0
o-x-o-ox-,0,0,0,0,0,4818,0,0,3764
-oox--o-x,6382,0,0,0,14587,4213,0,0,0
-oo-x-ox-,6752,0,0,3480,0,3053,0,0,9555
o--x--oox,0,0,10306,0,7062,15514,0,0,0
xoo-ooxx-,0,0,0,365,0,0,0,0,351
-x-o--oox,18897,0,13760,0,10605,3738,0,0,0
-ox-oxo--,3726,0,0,4454,0,0,0,7054,172
ox--oxoox,0,0,373,0,0,0,0,0,0
oo--xoxox,0,0,396,0,0,0,0,0,0
----o-ox-,101384,59772,227242,0,0,71511,0,0,119953
x---o-oxo,0,9571,9413,0,0,0,0,0,0
-oxx---oo,3549,0,0,0,16023,5285,10605,0,0
--o--ooxx,8671,8944,0,0,17525,0,0,0,0
-oxo-x-o-,5858,0,0,0,15143,0,12803,0,165
ooxx-o---,0,0,0,0,8818,0,7209,0,0
--xoxoo--,20787,14414,0,0,0,0,0,4823,9917
--xoxooox,383,0,0,0,0,0,0,0,0
oox--o-x-,0,0,0,0,11165,0,13838,0,8067
o--oxoxxo,0,340,350,0,0,0,0,0,0
oo-ox-xxo,0,0,334,0,0,0,0,0,0
ox-x-o--o,0,0,0,0,2996,0,0,5032,0
o-o-xo--x,0,7674,0,0,0,0,2889,14290,0
x-o-o-xo-,0,7182,0,177,0,3819,0,0,4456
---oxo-xo,5300,226,19126,0,0,0,13794,0,0
---oox-ox,4989,5540,172,0,0,0,4204,0,0
x-o--xoo-,0,0,0,3574,10212,0,0,0,8724
xo--oo--x,0,0,0,3843,0,0,7900,3689,0
oox-xxo-o,0,0,0,368,0,0,0,0,0
-o-xo-x-o,182,0,4793,0,0,3774,0,10333,0
x-o--oo-x,0,8087,0,8453,189,0,0,8993,0
xo-o-ooxx,0,0,0,0,361,0,0,0,0
xo-x-ooox,0,0,0,0,366,0,0,0,0
x-x-ooxoo,0,358,0,390,0,0,0,0,0
x---xo-oo,0,4572,14075,3455,0,0,12838,0,0
-o-o--xxo,0,0,7585,0,9438,0,0,0,0
-x-oo-o-x,4825,0,8590,0,0,4345,0,0,0
-ox-o-o-x,4276,0,0,4338,0,156,0,5855,0
xxoxoo-o-,0,0,0,0,0,0,363,0,0
-o--ooxx-,11683,0,3494,21400,0,0,0,0,151
oox----ox,0,0,0,4767,21643,174,12384,0,0
o-xoox---,0,4950,0,0,0,0,7164,3759,169
o-xooxxo-,0,0,0,0,0,0,0,0,393
o-xo-o--x,0,0,0,0,9391,0,10276,4952,0
oo-oxox-x,0,0,405,0,0,0,0,339,0
-oo--xox-,0,0,0,3667,4221,0,0,0,0
-o-x-oo-x,9473,0,0,0,9407,0,0,0,0
-xx--o-oo,177,0,0,5353,12588,0,16872,0,0
o-oxx-xoo,0,0,0,0,0,365,0,0,0
oo-xx--o-,0,0,21046,0,0,192,12880,0,5817
x-oxo--o-,0,8551,0,0,0,6241,193,0,3617
o-ooox-xx,0,0,0,0,0,0,380,0,0
oox-oo-xx,0,0,0,0,0,0,353,0,0
x-x-o--oo,0,176,0,9741,0,3692,14104,0,0
xx-o--oo-,0,0,180,0,14871,5086,0,0,16747
oo----xxo,0,0,8529,0,8342,0,0,0,0
--oo-x-ox,8546,0,0,0,5803,0,0,0,0
-oox---ox,13139,0,0,0,13189,4553,3041,0,0
oo-ox---x,0,0,15225,0,0,3354,15068,3954,0
oo-oxo-xx,0,0,0,0,0,0,309,0,0
-x-oox-o-,5865,0,21107,0,0,0,0,0,8969
oo---o-xx,0,0,8771,5275,3084,0,176,0,0
xo--oox--,0,0,6521,176,0,0,0,13589,7301
xox-oox-o,0,0,0,368,0,0,0,0,0
x-x-oo-o-,0,191,0,15394,0,0,8093,0,4871
---xoo-xo,3332,0,0,0,0,0,4137,0,0
x---ooo-x,0,4048,5579,0,0,0,0,0,0
x-x-oooox,0,389,0,0,0,0,0,0,0
x-ooo---x,0,0,0,0,0,0,4600,5087,0
ooxoxx--o,0,0,0,0,0,0,375,0,0
-ox-o-x-o,3769,0,0,5423,0,0,0,0,0
o-oxo--x-,0,0,0,0,0,0,4736,0,6036
xo-oxo---,0,0,19598,0,0,0,19183,12652,160
x--o-ox-o,0,3153,15401,0,9471,0,0,0,0
o-o-xx--o,0,18798,0,185,0,0,3326,12051,0
oox--x--o,0,0,0,8002,17199,0,7575,0,0
--x-ooox-,5299,5672,0,0,0,0,0,0,0
-xx-oooxo,361,0,0,0,0,0,0,0,0
x---xoo-o,0,8517,3662,0,0,0,0,4424,0
xooo--xox,0,0,0,0,320,0,0,0,0
oo-o--xx-,0,0,19572,0,13233,5541,0,0,177
x-oo-xo--,0,0,0,0,11111,0,0,0,6809
--xo-oxo-,15609,14860,0,0,191,0,0,0,7929
-o--xoo-x,183,0,12203,9122,0,0,0,9818,0
--o--xxoo,7001,0,0,20728,10250,0,0,0,0
ox-o---xo,0,0,3715,0,174,4674,11334,0,0
x--xooo--,0,9096,11930,0,0,0,0,0,0
o--o--xox,0,0,18929,0,8955,7373,0,0,0
xoox----o,0,0,0,0,9929,16233,185,1899,0
---oxox-o,9900,15222,188,0,0,0,0,12770,0
-x--ooox-,4136,0,4065,0,0,0,0,0,0
xx-oo-oxo,0,0,386,0,0,0,0,0,0
--oo-x-xo,0,8975,0,0,8040,0,0,0,0
xo-xxooo-,0,0,0,0,0,0,0,0,366
-oo-o--xx,10098,0,0,3578,0,3475,192,0,0
xo---oox-,0,0,0,0,9434,0,0,0,8425
oxxoox-o-,0,0,0,0,0,0,0,0,346
oo--xo--x,0,0,7555,0,0,0,15883,3560,0
-xoox--o-,8780,0,0,0,0,0,0,0,6668
oox---ox-,0,0,0,0,0,3355,0,0,2235
xx--oooox,0,0,355,0,0,0,0,0,0
o--o--xxo,0,12536,8496,0,16650,0,0,0,0
oo-xx-oox,0,0,0,0,0,367,0,0,0
--oxo-xo-,184,8075,0,0,0,4246,0,0,6047
xox---oo-,0,0,0,0,10604,3894,0,0,11290
o---oxxo-,0,0,4683,0,0,0,0,0,4055
xoo--x-o-,0,0,0,14129,17996,0,4929,0,5703
oxo-o---x,0,0,0,0,0,0,11721,7919,0
o-o-ox-x-,0,0,0,0,0,0,3356,0,3771
o-x-o-xo-,0,0,0,0,0,5549,0,0,4794
xx-xooo-o,0,0,340,0,0,0,0,0,0
-o-ox--xo,0,0,10483,0,0,0,7492,0,0
o-ox-xoox,0,0,0,0,376,0,0,0,0
ooxoo-xx-,0,0,0,0,0,0,0,0,332
-o-oxxo--,9488,0,4132,0,0,0,0,0,14741
--o-x-xoo,3143,0,0,18121,0,10757,0,0,0
o-oo-x--x,0,0,0,0,0,0,3595,6179,0
oxoo-o-xx,0,0,0,0,391,0,371,0,0
-xoo-x--o,0,0,0,0,7902,0,0,9174,0
ox-oo-x--,0,0,0,0,0,0,0,3293,4651
--o--oxox,19209,0,0,8114,10995,0,0,0,0
-x--xo-oo,5241,0,13525,0,0,0,9708,0,0
-xooxxo-o,0,0,0,0,0,0,0,391,0
xoxoo----,0,0,0,0,0,3636,0,0,3929
--ooxox--,8121,3985,0,0,0,0,0,9056,20153
x--xo--oo,0,14736,10247,0,0,3835,157,0,0
o-xx--o-o,0,0,0,0,4435,4099,0,0,0
-x--oox-o,9866,0,6768,6245,0,0,0,0,0
-x-ox-o-o,10690,0,9437,0,0,3980,0,175,0
--xoo-ox-,5271,3384,0,0,0,4043,0,0,3618
-x-o-x-oo,4930,0,4567,0,0,0,0,0,0
xx-oox-oo,0,0,330,0,0,0,0,0,0
--xx-ooo-,4995,6134,0,0,0,0,0,0,0
-x-xoo--o,14321,0,8773,0,0,0,4015,0,0
-x-xooxoo,402,0,0,0,0,0,0,0,0
x---oo-ox,0,4574,5173,3874,0,0,3782,0,0
ox--o-o-x,0,0,6855,0,0,5026,0,0,0
oo-xo---x,0,0,4239,0,0,4901,4427,3813,0
-xxoox-oo,375,0,0,0,0,0,0,0,0
-x--ooxo-,13001,0,5817,11010,0,0,0,0,0
xo-xoo---,0,0,3946,0,0,0,184,9979,4932
o--x-oxo-,0,0,7201,0,8705,0,0,0,0
oxooo-x-x,0,0,0,0,0,0,0,370,0
o-o-xxoox,0,0,0,359,0,0,0,0,0
-oox--xo-,170,0,0,0,16147,10062,0,0,6497
--ox-xo-o,3962,2869,0,0,194,0,0,9128,0
oxxo----o,0,0,0,0,11667,0,9597,4367,0
o--xoo--x,0,0,0,0,0,0,7811,7521,0
-oxx-o--o,8236,0,0,0,7709,0,14272,0,0
-oo-x-xo-,15211,0,0,13271,0,4729,0,0,6470
--oxx-oo-,13401,4602,0,0,0,184,0,0,22543
-xxo--o-o,181,0,0,0,9307,4092,0,13660,0
--ooxxoxo,0,315,0,0,0,0,0,0,0
-xoxo--o-,8141,0,0,0,0,0,9468,0,0
x-oo-o--x,0,7600,0,0,174,0,14377,12671,0
oxx-o--o-,0,0,0,0,0,6759,0,0,9001
oxo-x-o--,0,0,0,15108,0,13907,0,184,5088
xx---ooo-,0,0,194,3833,13921,0,0,0,12640
xoox-xo-o,0,0,0,0,368,0,0,0,0
ox---x-oo,0,0,0,5408,4960,0,0,0,0
x---ox-oo,0,3821,3759,3984,0,0,4749,0,0
o-xx--oo-,0,0,0,0,4436,14899,0,0,7027
oo-xxo---,0,0,7007,0,0,0,8284,0,0
oo-oxx-ox,0,0,346,0,0,0,0,0,0
--ooxxo--,7295,4744,0,0,0,0,0,2178,11031
o--xo----,0,0,130802,0,0,97664,130040,68156,207755
--oxo--xo,4168,0,0,0,0,0,5541,0,0
ooxo--xxo,0,0,0,0,339,0,0,0,0
oo-o-x-x-,0,0,5468,0,0,0,4103,0,8031
xx---o-oo,0,0,184,8040,4384,0,13839,0,0
-oo-x-x-o,3685,0,0,9030,0,1982,0,0,0
ox---xoo-,0,0,3417,4570,5272,0,0,0,3250
---x-ooox,11490,0,0,0,8118,0,0,0,0
-xo-x--oo,0,0,0,3314,0,4061,0,0,0
oxo-xx-oo,0,0,0,371,0,0,0,0,0
ox-oo---x,0,0,3842,0,0,3682,4634,4833,0
-o-o-x-ox,14105,0,175,0,19682,0,3749,0,0
o-ooxx-xo,0,334,0,0,0,0,0,0,0
---o-oxxo,0,2065,6716,0,11625,0,0,0,0
--xoo-x-o,4343,4475,0,0,0,0,0,0,0
-o---oxxo,3808,0,9275,6165,11539,0,0,0,0
-xxoo-oxo,352,0,0,0,0,0,0,0,0
oo--o--xx,0,0,19680,3593,0,9778,193,0,0
oo-x---xo,0,0,0,0,4563,4762,0,0,0
xoxooxo--,0,0,0,0,0,0,0,0,366
-o-x--oxo,0,0,0,0,7843,7747,0,0,0
oox-ooxx-,0,0,0,0,0,0,0,0,322
xoooxxo--,0,0,0,0,0,0,0,0,337
-o--ox---,93339,0,375545,63887,0,0,427223,646165,927867
o--oxx-o-,0,0,13068,0,0,0,8645,0,4129
o-xoxx-oo,0,0,0,0,0,0,372,0,0
-x--oo-xo,5200,0,5286,0,0,0,0,0,0
xooo--x--,0,0,0,0,12530,0,0,6981,15093
x--o-oxo-,0,2552,12778,0,18040,0,0,0,9282
o-oo-x-x-,0,4895,0,0,4185,0,4657,0,5447
-ooo-x--x,9240,0,0,0,10980,0,3856,4908,0
-ox---oox,13736,0,0,2921,22433,174,0,0,0
o-oxo-x--,0,0,0,0,0,0,0,5267,6035
o--oox-x-,0,0,4432,0,0,0,11975,0,13206
--x-ooxo-,10139,4375,0,4002,0,0,0,0,0
ox--oo--x,0,0,0,0,0,0,2651,5784,0
----ooxox,5721,0,0,2775,0,0,0,0,0
--xoo-o-x,16198,8180,0,0,0,189,0,5092,0
oxx-oxoo-,0,0,0,0,0,0,0,0,357
-oox-xxoo,344,0,0,0,353,0,0,0,0
xxo-xooo-,0,0,0,0,0,0,0,0,375
o-o---xxo,0,4442,0,0,3956,0,0,0,0
-oo--oxx-,13442,0,0,7824,5116,0,0,0,193
xxo--oo--,0,0,0,0,12583,0,0,5951,6908
xoox-x-oo,0,0,0,0,344,0,337,0,0
x--o-o-xo,0,7819,3590,0,4087,0,0,0,0
o-x-xoo--,0,6131,0,0,0,0,0,4365,0
--ooxx-o-,8842,0,0,0,0,0,0,0,6918
o-ox-----,0,476555,0,0,1138608,353814,83903,230542,79819
o-oxo---x,0,0,0,0,0,0,5229,4008,0
--xo--oxo,9743,13028,0,0,5069,0,0,0,0
o-ox---ox,0,0,0,0,3569,5776,0,0,0
oo----oxx,0,0,3792,0,0,4248,0,0,0
oo--xo-x-,0,0,8273,0,0,0,15158,0,3198
xo-o-xo--,0,0,9289,0,6395,0,0,0,14110
xooo-x-ox,0,0,0,0,353,0,0,0,0
x-oo---xo,0,3063,0,0,4106,0,0,0,0
o-xx-o--o,0,0,0,0,8955,0,9148,0,0
ox-x-oo--,0,0,0,0,7005,0,0,6753,0
oo--x--xo,0,0,7430,4726,0,5433,7860,0,0
-ox-oo--x,0,0,0,0,0,0,4841,4938,0
-xox-o-o-,4837,0,0,0,0,0,2733,0,0
ooxxo----,0,0,0,0,0,4757,0,0,3659
x-ooo--x-,0,0,0,0,0,0,4863,0,5135
-o-xo-o-x,0,0,5447,0,0,5914,0,0,0
ox-oox---,0,0,5433,0,0,0,0,0,3449
-oxo--ox-,0,0,0,0,0,4276,0,0,3123
-xooo---x,0,0,0,0,0,0,4748,6105,0
oox-o-x--,0,0,0,0,0,4162,0,8734,14773
xxo-oo---,0,0,0,4535,0,0,3774,0,0
oxo--x-o-,0,0,0,8771,5273,0,0,0,0
--xoo--xo,5087,4929,0,0,0,0,0,0,0
oxoo---x-,0,0,0,0,178,4410,20619,0,11148
-o--o-xxo,9715,0,0,7552,0,0,0,0,0
-x-xo-oo-,3623,0,4082,0,0,0,0,0,0
x--x-ooo-,0,5048,4740,0,8622,0,0,0,9032
x-ox--o-o,0,0,0,0,3970,4130,0,0,0
-oooxx---,8246,0,0,0,0,0,0,0,10292
oox--o--x,0,0,0,0,7772,0,13735,9735,0
ox--ox-o-,0,0,8237,0,0,0,0,0,9476
---oxxoo-,8300,0,4684,0,0,0,0,0,12517
x---oxoo-,0,3966,8857,0,0,0,0,0,5082
o---o-oxx,0,0,3637,0,0,4410,0,0,0
xo-oxxoo-,0,0,0,0,0,0,0,0,337
o----oxxo,0,3753,9469,0,12881,0,0,0,0
---xxo-oo,2473,0,9937,0,0,0,13472,0,0
-oxo---xo,0,0,0,0,7851,0,8928,0,0
x--o--xoo,0,9706,15012,0,9150,0,0,0,0
x-xo--o-o,0,145,0,0,3617,4577,0,9083,0
ox-o---ox,0,0,4038,0,0,4512,0,0,0
-x--oxoo-,2727,0,13562,0,0,0,0,0,11906
oo-xo-x--,0,0,0,0,0,0,0,4305,4544
o--x-ox-o,0,0,7809,0,9715,0,0,0,0
---x-ooxo,0,3613,0,0,2536,0,0,0,0
-xoxoo---,5124,0,0,0,0,0,4116,0,0
ox--x--oo,0,0,9960,4164,0,6324,8754,0,0
xo---xoo-,0,0,5216,3438,12595,0,0,0,13721
xox--oo--,0,0,0,0,7567,0,0,0,9827
--ooxx--o,0,8945,0,0,0,0,0,11421,0
-xooo-x--,0,0,0,0,0,0,0,3004,4268
x--oox-o-,0,5304,11070,0,0,0,0,0,3371
x-o-ox--o,0,0,0,7373,0,0,8275,0,0
xooxox--o,0,0,0,0,0,0,344,0,0
--xox-o-o,3371,11015,0,0,0,0,0,2933,0
xo-oo--x-,0,0,0,0,0,0,4502,0,4882
xox-xo-oo,0,0,0,0,0,0,336,0,0
xoo---ox-,0,0,0,0,8536,0,0,0,9968
x-o-oxxoo,0,0,0,335,0,0,0,0,0
-oo---xxo,4335,0,0,4836,0,0,0,0,0
oo-x---ox,0,0,4753,0,5185,9591,0,0,0
x-oxoo-ox,0,0,0,0,0,0,337,0,0
--x-o-oxo,11331,11054,0,0,0,0,0,0,0
-xo--xo-o,0,0,0,3710,12853,0,0,8471,0
--xoox--o,6937,7986,0,0,0,0,0,0,0
o-ooxx---,0,4017,0,0,0,0,0,3542,0
--oo--xxo,0,3395,0,0,3152,0,0,0,0
-xoo-ox--,0,0,0,0,3646,0,0,8891,3823
xox----oo,0,0,0,4235,8769,0,12728,0,0
-xx-ooo--,207,0,0,8131,0,0,0,4705,4318
--xxooo--,8544,11863,0,0,0,0,0,0,0
xxoo----o,0,0,0,0,3391,0,0,3262,0
--ox--oox,5475,0,0,0,18058,10161,0,0,0
o-o-o-xx-,0,8005,0,4008,0,7100,0,0,164
ox-o-o--x,0,0,0,0,3109,0,5317,9834,0
xoxo----o,0,0,0,0,6186,0,6979,0,0
-o-xxo--o,3171,0,7718,0,0,0,12682,0,0
-o--xo-xo,0,0,7034,0,0,0,8167,0,0
x-o---oxo,0,2413,0,0,3597,0,0,0,0
-oo-ox--x,0,0,0,0,0,0,5402,2858,0
-x--xooo-,16422,0,5951,0,0,0,0,0,9649
oxo-x--o-,0,0,0,7993,0,9488,0,0,0
xxoxo--oo,0,0,0,0,0,0,375,0,0
xo-o--ox-,0,0,0,0,9330,0,0,0,8794
o-ox--x-o,0,0,0,0,5507,3723,0,0,0
x--oo-xo-,0,4964,5284,0,0,0,0,0,0
xo--oxo--,0,0,5884,0,0,0,0,0,2958
--o-oxxo-,3964,0,0,2813,0,0,0,0,0
---ooxxo-,0,0,5226,0,0,0,0,0,3880
xoxo--xoo,0,0,0,0,346,0,0,0,0
--x-oox-o,13019,4021,0,7916,0,0,0,0,0
o-o--xx-o,0,0,0,5414,4473,0,0,0,0
oxx---oo-,0,0,0,0,0,4366,0,0,3942
oxo-o-x--,0,0,0,0,0,0,0,8769,11427
-xo-o-xo-,8510,0,0,10548,0,0,0,0,0
---xoo-ox,4006,0,0,0,0,0,4865,0,0
ox--oo-x-,0,0,0,0,0,0,4710,0,4271
--x-oxo-o,2858,3933,0,0,0,0,0,0,0
-ooo-x-x-,0,0,0,0,0,0,4240,0,3906
--o-oxx-o,7376,0,0,7603,0,0,0,0,0
xo-x-oo--,0,0,0,0,8270,0,0,0,8849
o--xxoo--,0,8024,0,0,0,0,0,5407,0
ox--o--ox,0,0,9960,0,0,8218,0,0,0
--oox--ox,154,9641,0,0,0,8098,7607,0,0
-xxoo-o--,155,0,0,0,0,11698,0,4285,8688
x-oxo---o,0,4721,0,0,0,11330,185,4002,0
-o-o-xox-,0,0,4475,0,0,0,0,0,2819
xo-x--o-o,0,0,0,0,3468,4133,0,0,0
oo-xxoxo-,0,0,340,0,0,0,0,0,0
o-o-o-x-x,0,8182,0,5190,0,3299,0,191,0
-x--oo-ox,3792,0,4610,0,0,0,0,0,0
--xxo-oo-,4840,4697,0,0,0,5812,0,0,3667
xo-x---oo,0,0,3025,0,9920,7968,198,0,0
--oxo--ox,3301,0,0,0,0,0,2870,0,0
oo-x--xo-,0,0,8260,0,10705,4072,0,0,0
oxox-o---,0,0,0,0,4106,0,0,4448,0
oxox---o-,0,0,0,0,10407,9635,0,0,0
xo---o-xo,0,0,0,4690,0,0,4418,0,0
o-xoo--x-,0,0,0,0,0,4425,3603,0,9881
o-ox-ox--,0,0,0,0,0,0,0,4535,3137
-ox--xo-o,0,0,0,4193,6472,0,0,0,0
-oxx--o-o,0,0,0,0,3750,4343,0,0,0
ox----oxo,0,0,5300,9422,191,4125,0,0,0
o-o-ox--x,0,0,0,0,0,0,4489,3561,0
xo-xo---o,0,0,4937,0,0,3480,166,8250,0
--oooxx--,0,0,0,0,0,0,0,9619,9171
-xo---xoo,4202,0,0,3758,0,0,0,0,0
-o-oxx--o,0,0,8999,0,0,0,8689,0,0
xox-o-o--,0,0,0,0,0,4208,0,0,6497
---ooxox-,0,0,3264,0,0,0,0,0,5609
xo--xo--o,0,0,6561,3472,0,0,13294,0,0
o-ox---xo,0,4309,0,0,7051,4500,0,0,0
o-oo-xx--,0,0,0,0,0,0,0,5214,2818
ox-o--xo-,0,0,9843,0,8172,0,0,0,0
-xox-oo--,0,0,0,0,2812,0,0,3270,0
--x-ox-oo,4668,4545,0,0,0,0,0,0,0
ox---xo-o,0,0,0,4198,12794,0,0,3299,0
oxoo-x---,0,0,0,0,4531,0,0,2710,0
---oo-xox,0,0,3795,0,0,3050,0,0,0
-ooooxx-x,0,0,0,0,0,0,0,348,0
x--xo-o-o,0,2692,5056,0,0,0,0,0,0
-x-x-oo-o,4884,0,4192,0,3603,0,0,4490,0
oo-x--o-x,0,0,9332,0,4851,13806,0,0,0
xxo-o---o,0,0,0,3065,0,0,2554,0,0
-x-ox-oo-,14808,0,5882,0,0,0,0,0,8835
xxo---o-o,0,0,0,0,6413,0,0,5662,0
o--o-xx-o,0,0,9383,0,9123,0,0,0,0
-x-oo--xo,5971,0,3582,0,0,0,0,0,0
--o-o-xxo,2989,0,0,3455,0,0,0,0,0
oxxoo----,0,0,0,0,0,2231,0,0,2441
-o-ox-ox-,7885,0,0,0,0,0,0,0,9554
-ox-oo-x-,0,0,0,0,0,0,3310,0,3352
o---oxox-,0,0,3304,0,0,0,0,0,3548
---oxxo-o,0,4240,0,0,0,0,0,3108,0
oo-xo--x-,0,0,0,0,0,0,5081,0,3794
o-o-x--ox,0,0,0,5209,0,4126,0,0,0
o-o--xxo-,0,0,0,3905,5064,0,0,0,0
-xoo-xo--,0,0,0,0,2677,0,0,4289,0
---xoxoo-,0,0,6159,0,0,0,0,0,4027
o-o--x-ox,0,0,0,5187,4711,0,0,0,0
xoo----xo,0,0,0,5114,0,0,2916,0,0
--o-o-xox,5406,0,0,3735,0,0,0,0,0
-ooo-xx--,0,0,0,0,0,0,0,3113,5424
-x--ox-oo,3043,0,5205,0,0,0,0,0,0
---xo-oox,0,0,3216,0,0,4280,0,0,0
-ox-xoo--,12296,0,0,0,0,0,0,0,8416
oxox----o,0,0,0,0,11171,7723,0,5414,0
xooo-x---,0,0,0,0,8373,0,0,0,10247
-ox-x-o-o,0,0,0,4325,0,4566,0,0,0
o---xo-ox,0,0,10753,0,0,0,9247,0,0
o-x-oo-x-,0,0,0,0,0,0,3230,0,3913
xo---x-oo,0,0,0,7538,3762,0,4028,0,0
-xo-o-x-o,3688,0,0,4869,0,0,0,0,0
x-o-x-o-o,0,2811,0,4783,0,4791,0,4878,0
oxo---x-o,0,0,0,0,5391,0,0,7041,0
--x-oo-xo,3531,3963,0,0,0,0,0,0,0
xo-ox---o,0,0,10666,0,0,0,10597,0,0
o-ox--o-x,0,0,0,0,3797,5234,0,0,0
xo-oox---,0,0,4958,0,0,0,0,0,3534
ox--oxo--,0,0,4557,0,0,0,0,0,5993
oxx--oo--,0,0,0,0,5780,0,0,2887,0
oxx----oo,0,0,0,0,6131,0,7689,0,0
o--xox-o-,0,0,6810,0,0,0,0,0,4592
-ox--oo-x,10182,0,0,0,8159,0,0,0,0
--xxo-o-o,6062,6003,0,0,0,0,0,0,0
-ox--x-oo,0,0,0,4204,14420,0,8149,0,0
x---oxo-o,0,4110,3466,0,0,0,0,0,0
-o-x-o-ox,13442,0,0,0,8752,0,5109,0,0
-xo--o-ox,8815,0,0,0,11101,0,0,0,0
--xo-xo-o,4397,3361,0,0,0,0,0,0,0
--x-ooo-x,5027,3170,0,0,0,0,0,0,0
o-oxxo---,0,4500,0,0,0,0,0,2806,0
o-x--xo-o,0,0,0,3221,3186,0,0,0,0
o--o-x-xo,0,5265,0,0,3418,0,0,0,0
-xo---oox,7906,0,0,0,11220,0,0,0,0
--ox-oox-,0,2891,0,0,5085,0,0,0,0
ox---oo-x,0,0,0,0,4212,0,0,5179,0
x-o-o--ox,0,0,0,3088,0,0,4618,0,0
ox-o-x--o,0,0,0,0,4205,0,0,5716,0
-xoo--x-o,0,0,0,0,3340,0,0,4684,0
----ooxxo,3980,0,0,1818,0,0,0,0,0
xo--x-o-o,0,0,0,3538,0,4824,0,0,0
--x-oo-ox,4001,3079,0,0,0,0,0,0,0
o-ox-o-x-,0,4202,0,0,4706,0,5114,0,4639
ox--x-oo-,0,0,0,5107,0,4118,0,0,0
oxo---o-x,0,0,0,0,3871,0,0,3811,0
xo--ox--o,0,0,0,3503,0,0,4330,0,0
-x-oo-xo-,5064,0,3209,0,0,0,0,0,0
-o-xox--o,3312,0,0,0,0,0,3618,0,0
-oo-ox-x-,0,0,0,0,0,0,4100,0,3486
xoo-ox---,0,0,0,3826,0,0,4992,0,0
oo-oxx---,0,0,14766,0,0,0,7694,0,3567
o-o-oxx--,0,0,0,0,0,0,0,4923,3871
xo-oo-x--,0,0,0,0,0,0,0,4446,4387
oo-xox---,0,0,3005,0,0,0,0,0,4630
-ooxox---,4723,0,0,0,0,0,3242,0,0
---o-xoxo,0,3686,0,0,2462,0,0,0,0
-xo--x-oo,0,0,0,4037,5436,0,0,0,0
---oo-oxx,0,0,5373,0,0,4629,0,0,0
o-ox--xo-,0,0,0,0,3924,4802,0,0,0
x-ooo-x--,0,0,0,0,0,0,0,5896,5342
xox-o---o,0,0,0,5135,0,0,4036,0,0
-xooo--x-,0,0,0,0,0,0,3988,0,5911
o--xoo-x-,0,0,0,0,0,0,7949,0,7535
oxx-o-o--,0,0,0,0,0,5446,0,0,2720
x-oox---o,0,5753,0,0,0,0,0,2524,0
oo--x-ox-,0,0,0,4337,0,4672,0,0,0
o-x-oo--x,0,0,0,0,0,0,4848,4026,0
x--x-oo-o,0,4219,5477,0,0,0,0,0,0
ox-x--oo-,0,0,0,0,3324,4239,0,0,0
x-o--xo-o,0,0,0,4389,3364,0,0,0,0
o----ooxx,0,2998,0,0,3690,0,0,0,0
-xoxo---o,3039,0,0,0,0,0,2451,0,0
o--x-o-xo,0,5701,0,0,3459,0,0,0,0
x--o-x-oo,0,2737,4499,0,0,0,0,0,0
-x-oo-ox-,4222,0,3450,0,0,0,0,0,0
o-o--xo-x,0,0,0,3320,4074,0,0,0,0
-xo-oo-x-,0,0,0,0,0,0,3788,0,3507
-oxxo-o--,0,0,0,0,0,4970,0,0,3642
ox-xoxoox,0,0,1,0,0,0,0,0,0
